+++++++++++++++ run 1 begin +++++++++++++
-0.100556 0.100424 -0.220548 0.215225 -1.83505 1.79979 
-0.0939828 0.0935094 -0.281699 0.27335 -1.29008 1.27135 
-0.0832907 0.0823682 -0.298959 0.289285 -0.839234 0.833862 
-0.070678 0.0692699 -0.296653 0.286846 -0.518022 0.522958 
-0.0576871 0.0558062 -0.283419 0.274254 -0.275059 0.28758 
-0.0453441 0.0430337 -0.252492 0.244421 -0.0990853 0.116878 
-0.0342754 0.0315952 -0.215408 0.20864 -0.163515 0.184701 
-0.0248086 0.0218244 -0.178771 0.173343 -0.192005 0.215124 
-0.0170486 0.0138253 -0.142837 0.138672 -0.193917 0.217889 
-0.0109431 0.00754019 -0.109571 0.106528 -0.185314 0.20938 
-0.00634571 0.00281465 -0.080189 0.0780924 -0.172374 0.19604 
returned to initial region

real	0m0.957s
user	0m0.957s
sys	0m0.000s
+++++++++++++++ run 1 end +++++++++++++
+++++++++++++++ run 2 begin +++++++++++++
-0.100556 0.100424 -0.220548 0.215225 -1.83505 1.79979 
-0.0939828 0.0935094 -0.281699 0.27335 -1.29008 1.27135 
-0.0832907 0.0823682 -0.298959 0.289285 -0.839234 0.833862 
-0.070678 0.0692699 -0.296653 0.286846 -0.518022 0.522958 
-0.0576871 0.0558062 -0.283419 0.274254 -0.275059 0.28758 
-0.0453441 0.0430337 -0.252492 0.244421 -0.0990853 0.116878 
-0.0342754 0.0315952 -0.215408 0.20864 -0.163515 0.184701 
-0.0248086 0.0218244 -0.178771 0.173343 -0.192005 0.215124 
-0.0170486 0.0138253 -0.142837 0.138672 -0.193917 0.217889 
-0.0109431 0.00754019 -0.109571 0.106528 -0.185314 0.20938 
-0.00634571 0.00281465 -0.080189 0.0780924 -0.172374 0.19604 
returned to initial region

real	0m0.938s
user	0m0.918s
sys	0m0.020s
+++++++++++++++ run 2 end +++++++++++++
+++++++++++++++ run 3 begin +++++++++++++
-0.100556 0.100424 -0.220548 0.215225 -1.83505 1.79979 
-0.0939828 0.0935094 -0.281699 0.27335 -1.29008 1.27135 
-0.0832907 0.0823682 -0.298959 0.289285 -0.839234 0.833862 
-0.070678 0.0692699 -0.296653 0.286846 -0.518022 0.522958 
-0.0576871 0.0558062 -0.283419 0.274254 -0.275059 0.28758 
-0.0453441 0.0430337 -0.252492 0.244421 -0.0990853 0.116878 
-0.0342754 0.0315952 -0.215408 0.20864 -0.163515 0.184701 
-0.0248086 0.0218244 -0.178771 0.173343 -0.192005 0.215124 
-0.0170486 0.0138253 -0.142837 0.138672 -0.193917 0.217889 
-0.0109431 0.00754019 -0.109571 0.106528 -0.185314 0.20938 
-0.00634571 0.00281465 -0.080189 0.0780924 -0.172374 0.19604 
returned to initial region

real	0m0.960s
user	0m0.960s
sys	0m0.000s
+++++++++++++++ run 3 end +++++++++++++
+++++++++++++++ run 4 begin +++++++++++++
-0.100556 0.100424 -0.220548 0.215225 -1.83505 1.79979 
-0.0939828 0.0935094 -0.281699 0.27335 -1.29008 1.27135 
-0.0832907 0.0823682 -0.298959 0.289285 -0.839234 0.833862 
-0.070678 0.0692699 -0.296653 0.286846 -0.518022 0.522958 
-0.0576871 0.0558062 -0.283419 0.274254 -0.275059 0.28758 
-0.0453441 0.0430337 -0.252492 0.244421 -0.0990853 0.116878 
-0.0342754 0.0315952 -0.215408 0.20864 -0.163515 0.184701 
-0.0248086 0.0218244 -0.178771 0.173343 -0.192005 0.215124 
-0.0170486 0.0138253 -0.142837 0.138672 -0.193917 0.217889 
-0.0109431 0.00754019 -0.109571 0.106528 -0.185314 0.20938 
-0.00634571 0.00281465 -0.080189 0.0780924 -0.172374 0.19604 
returned to initial region

real	0m0.920s
user	0m0.920s
sys	0m0.000s
+++++++++++++++ run 4 end +++++++++++++
+++++++++++++++ run 5 begin +++++++++++++
-0.100556 0.100424 -0.220548 0.215225 -1.83505 1.79979 
-0.0939828 0.0935094 -0.281699 0.27335 -1.29008 1.27135 
-0.0832907 0.0823682 -0.298959 0.289285 -0.839234 0.833862 
-0.070678 0.0692699 -0.296653 0.286846 -0.518022 0.522958 
-0.0576871 0.0558062 -0.283419 0.274254 -0.275059 0.28758 
-0.0453441 0.0430337 -0.252492 0.244421 -0.0990853 0.116878 
-0.0342754 0.0315952 -0.215408 0.20864 -0.163515 0.184701 
-0.0248086 0.0218244 -0.178771 0.173343 -0.192005 0.215124 
-0.0170486 0.0138253 -0.142837 0.138672 -0.193917 0.217889 
-0.0109431 0.00754019 -0.109571 0.106528 -0.185314 0.20938 
-0.00634571 0.00281465 -0.080189 0.0780924 -0.172374 0.19604 
returned to initial region

real	0m0.948s
user	0m0.938s
sys	0m0.010s
+++++++++++++++ run 5 end +++++++++++++
