+++++++++++++++ run 1 begin +++++++++++++
0.201893 0.233659 0.0407407 0.0652186 0.0222756 0.475964 -2.24414 2.50404 
0.137278 0.17399 0.0100735 0.033124 0.623526 0.753333 1.8175 7.34891 
0.0687656 0.105906 -0.00747879 0.0108247 0.273159 0.648831 -4.49241 0.182094 
0.00251914 0.0423523 -0.0121728 -0.00149953 0.584411 0.851958 -0.584527 5.84143 
-0.0463134 -0.00895922 -0.00761519 -0.00308633 0.148031 0.419991 -7.02493 -1.67183 
0

real	0m0.635s
user	0m0.625s
sys	0m0.010s
+++++++++++++++ run 1 end +++++++++++++
+++++++++++++++ run 2 begin +++++++++++++
0.201893 0.233659 0.0407407 0.0652186 0.0222756 0.475964 -2.24414 2.50404 
0.137278 0.17399 0.0100735 0.033124 0.623526 0.753333 1.8175 7.34891 
0.0687656 0.105906 -0.00747879 0.0108247 0.273159 0.648831 -4.49241 0.182094 
0.00251914 0.0423523 -0.0121728 -0.00149953 0.584411 0.851958 -0.584527 5.84143 
-0.0463134 -0.00895922 -0.00761519 -0.00308633 0.148031 0.419991 -7.02493 -1.67183 
0

real	0m0.629s
user	0m0.619s
sys	0m0.010s
+++++++++++++++ run 2 end +++++++++++++
+++++++++++++++ run 3 begin +++++++++++++
0.201893 0.233659 0.0407407 0.0652186 0.0222756 0.475964 -2.24414 2.50404 
0.137278 0.17399 0.0100735 0.033124 0.623526 0.753333 1.8175 7.34891 
0.0687656 0.105906 -0.00747879 0.0108247 0.273159 0.648831 -4.49241 0.182094 
0.00251914 0.0423523 -0.0121728 -0.00149953 0.584411 0.851958 -0.584527 5.84143 
-0.0463134 -0.00895922 -0.00761519 -0.00308633 0.148031 0.419991 -7.02493 -1.67183 
0

real	0m0.622s
user	0m0.622s
sys	0m0.000s
+++++++++++++++ run 3 end +++++++++++++
+++++++++++++++ run 4 begin +++++++++++++
0.201893 0.233659 0.0407407 0.0652186 0.0222756 0.475964 -2.24414 2.50404 
0.137278 0.17399 0.0100735 0.033124 0.623526 0.753333 1.8175 7.34891 
0.0687656 0.105906 -0.00747879 0.0108247 0.273159 0.648831 -4.49241 0.182094 
0.00251914 0.0423523 -0.0121728 -0.00149953 0.584411 0.851958 -0.584527 5.84143 
-0.0463134 -0.00895922 -0.00761519 -0.00308633 0.148031 0.419991 -7.02493 -1.67183 
0

real	0m0.619s
user	0m0.619s
sys	0m0.000s
+++++++++++++++ run 4 end +++++++++++++
+++++++++++++++ run 5 begin +++++++++++++
0.201893 0.233659 0.0407407 0.0652186 0.0222756 0.475964 -2.24414 2.50404 
0.137278 0.17399 0.0100735 0.033124 0.623526 0.753333 1.8175 7.34891 
0.0687656 0.105906 -0.00747879 0.0108247 0.273159 0.648831 -4.49241 0.182094 
0.00251914 0.0423523 -0.0121728 -0.00149953 0.584411 0.851958 -0.584527 5.84143 
-0.0463134 -0.00895922 -0.00761519 -0.00308633 0.148031 0.419991 -7.02493 -1.67183 
0

real	0m0.647s
user	0m0.647s
sys	0m0.000s
+++++++++++++++ run 5 end +++++++++++++
