+++++++++++++++ run 1 begin +++++++++++++
-0.087411 -0.071385 0.292397 0.302602 0.129951 0.137288 0.226754 0.233499 -0.164387 -0.160740 0.076201 0.078678 0.000000

-0.247158 -0.234839 -0.186780 -0.179424 0.079452 0.085938 0.186886 0.192208 0.147754 0.150004 -0.077292 -0.075033 0.000000

0.005349 0.018347 0.143921 0.151439 0.056763 0.062892 0.271983 0.280346 -0.045457 -0.039540 0.061263 0.065255 0.000000

0.370719 0.386072 -0.151854 -0.143997 0.090943 0.097210 -0.024834 -0.016310 0.018502 0.024522 -0.049492 -0.045825 0.084802

0.084802

real	0m2.269s
user	0m2.540s
sys	0m1.189s
+++++++++++++++ run 1 end +++++++++++++
+++++++++++++++ run 2 begin +++++++++++++
-0.087411 -0.071385 0.292397 0.302602 0.129951 0.137288 0.226754 0.233499 -0.164387 -0.160740 0.076201 0.078678 0.000000

-0.247158 -0.234839 -0.186780 -0.179424 0.079452 0.085938 0.186886 0.192208 0.147754 0.150004 -0.077292 -0.075033 0.000000

0.005349 0.018347 0.143921 0.151439 0.056763 0.062892 0.271983 0.280346 -0.045457 -0.039540 0.061263 0.065255 0.000000

0.370719 0.386072 -0.151854 -0.143997 0.090943 0.097210 -0.024834 -0.016310 0.018502 0.024522 -0.049492 -0.045825 0.084802

0.084802

real	0m2.235s
user	0m2.635s
sys	0m1.132s
+++++++++++++++ run 2 end +++++++++++++
+++++++++++++++ run 3 begin +++++++++++++
-0.087411 -0.071385 0.292397 0.302602 0.129951 0.137288 0.226754 0.233499 -0.164387 -0.160740 0.076201 0.078678 0.000000

-0.247158 -0.234839 -0.186780 -0.179424 0.079452 0.085938 0.186886 0.192208 0.147754 0.150004 -0.077292 -0.075033 0.000000

0.005349 0.018347 0.143921 0.151439 0.056763 0.062892 0.271983 0.280346 -0.045457 -0.039540 0.061263 0.065255 0.000000

0.370719 0.386072 -0.151854 -0.143997 0.090943 0.097210 -0.024834 -0.016310 0.018502 0.024522 -0.049492 -0.045825 0.084802

0.084802

real	0m2.199s
user	0m2.579s
sys	0m1.140s
+++++++++++++++ run 3 end +++++++++++++
+++++++++++++++ run 4 begin +++++++++++++
-0.087411 -0.071385 0.292397 0.302602 0.129951 0.137288 0.226754 0.233499 -0.164387 -0.160740 0.076201 0.078678 0.000000

-0.247158 -0.234839 -0.186780 -0.179424 0.079452 0.085938 0.186886 0.192208 0.147754 0.150004 -0.077292 -0.075033 0.000000

0.005349 0.018347 0.143921 0.151439 0.056763 0.062892 0.271983 0.280346 -0.045457 -0.039540 0.061263 0.065255 0.000000

0.370719 0.386072 -0.151854 -0.143997 0.090943 0.097210 -0.024834 -0.016310 0.018502 0.024522 -0.049492 -0.045825 0.084802

0.084802

real	0m2.189s
user	0m2.465s
sys	0m1.166s
+++++++++++++++ run 4 end +++++++++++++
+++++++++++++++ run 5 begin +++++++++++++
-0.087411 -0.071385 0.292397 0.302602 0.129951 0.137288 0.226754 0.233499 -0.164387 -0.160740 0.076201 0.078678 0.000000

-0.247158 -0.234839 -0.186780 -0.179424 0.079452 0.085938 0.186886 0.192208 0.147754 0.150004 -0.077292 -0.075033 0.000000

0.005349 0.018347 0.143921 0.151439 0.056763 0.062892 0.271983 0.280346 -0.045457 -0.039540 0.061263 0.065255 0.000000

0.370719 0.386072 -0.151854 -0.143997 0.090943 0.097210 -0.024834 -0.016310 0.018502 0.024522 -0.049492 -0.045825 0.084802

0.084802

real	0m2.171s
user	0m2.617s
sys	0m1.186s
+++++++++++++++ run 5 end +++++++++++++
