+++++++++++++++ run 1 begin +++++++++++++
-0.88668 -0.859276 -0.0203653 0.00758202 0.0169095 0.0385058 -1.77853 -1.61981 -2.99705 -2.63963 
-0.785778 -0.757681 0.384879 0.411664 -0.579108 -0.532797 -0.661251 -0.609688 1.94636 2.30844 
-0.504193 -0.482761 0.680672 0.700901 -0.665003 -0.642442 0.187717 0.301058 1.64727 1.87216 
-0.121532 -0.0966427 0.801552 0.827979 -0.646947 -0.611467 -0.163495 -0.129154 -0.902084 -0.660765 
0.274513 0.300323 0.724098 0.750865 -0.728876 -0.708481 -0.240615 -0.182506 -0.185776 -0.0751643 
0.587416 0.607936 0.467333 0.488625 -0.666568 -0.646506 0.44615 0.474101 1.28289 1.40385 
0.734981 0.759256 0.0975006 0.121576 -0.35519 -0.338811 0.756606 0.799436 0.613717 0.657865 
0.692275 0.718563 -0.2827 -0.257709 -0.0376175 -0.0131727 0.491946 0.524854 -0.58732 -0.491164 
0.479282 0.500992 -0.581328 -0.56118 0.164105 0.181097 0.265048 0.302119 -0.473363 -0.425904 
0.148133 0.169665 -0.73644 -0.713481 0.28765 0.306606 0.204718 0.224334 -0.172021 -0.104209 
0

real	0m3.668s
user	0m3.668s
sys	0m0.000s
+++++++++++++++ run 1 end +++++++++++++
+++++++++++++++ run 2 begin +++++++++++++
-0.88668 -0.859276 -0.0203653 0.00758202 0.0169095 0.0385058 -1.77853 -1.61981 -2.99705 -2.63963 
-0.785778 -0.757681 0.384879 0.411664 -0.579108 -0.532797 -0.661251 -0.609688 1.94636 2.30844 
-0.504193 -0.482761 0.680672 0.700901 -0.665003 -0.642442 0.187717 0.301058 1.64727 1.87216 
-0.121532 -0.0966427 0.801552 0.827979 -0.646947 -0.611467 -0.163495 -0.129154 -0.902084 -0.660765 
0.274513 0.300323 0.724098 0.750865 -0.728876 -0.708481 -0.240615 -0.182506 -0.185776 -0.0751643 
0.587416 0.607936 0.467333 0.488625 -0.666568 -0.646506 0.44615 0.474101 1.28289 1.40385 
0.734981 0.759256 0.0975006 0.121576 -0.35519 -0.338811 0.756606 0.799436 0.613717 0.657865 
0.692275 0.718563 -0.2827 -0.257709 -0.0376175 -0.0131727 0.491946 0.524854 -0.58732 -0.491164 
0.479282 0.500992 -0.581328 -0.56118 0.164105 0.181097 0.265048 0.302119 -0.473363 -0.425904 
0.148133 0.169665 -0.73644 -0.713481 0.28765 0.306606 0.204718 0.224334 -0.172021 -0.104209 
0

real	0m3.652s
user	0m3.642s
sys	0m0.010s
+++++++++++++++ run 2 end +++++++++++++
+++++++++++++++ run 3 begin +++++++++++++
-0.88668 -0.859276 -0.0203653 0.00758202 0.0169095 0.0385058 -1.77853 -1.61981 -2.99705 -2.63963 
-0.785778 -0.757681 0.384879 0.411664 -0.579108 -0.532797 -0.661251 -0.609688 1.94636 2.30844 
-0.504193 -0.482761 0.680672 0.700901 -0.665003 -0.642442 0.187717 0.301058 1.64727 1.87216 
-0.121532 -0.0966427 0.801552 0.827979 -0.646947 -0.611467 -0.163495 -0.129154 -0.902084 -0.660765 
0.274513 0.300323 0.724098 0.750865 -0.728876 -0.708481 -0.240615 -0.182506 -0.185776 -0.0751643 
0.587416 0.607936 0.467333 0.488625 -0.666568 -0.646506 0.44615 0.474101 1.28289 1.40385 
0.734981 0.759256 0.0975006 0.121576 -0.35519 -0.338811 0.756606 0.799436 0.613717 0.657865 
0.692275 0.718563 -0.2827 -0.257709 -0.0376175 -0.0131727 0.491946 0.524854 -0.58732 -0.491164 
0.479282 0.500992 -0.581328 -0.56118 0.164105 0.181097 0.265048 0.302119 -0.473363 -0.425904 
0.148133 0.169665 -0.73644 -0.713481 0.28765 0.306606 0.204718 0.224334 -0.172021 -0.104209 
0

real	0m3.749s
user	0m3.749s
sys	0m0.000s
+++++++++++++++ run 3 end +++++++++++++
+++++++++++++++ run 4 begin +++++++++++++
-0.88668 -0.859276 -0.0203653 0.00758202 0.0169095 0.0385058 -1.77853 -1.61981 -2.99705 -2.63963 
-0.785778 -0.757681 0.384879 0.411664 -0.579108 -0.532797 -0.661251 -0.609688 1.94636 2.30844 
-0.504193 -0.482761 0.680672 0.700901 -0.665003 -0.642442 0.187717 0.301058 1.64727 1.87216 
-0.121532 -0.0966427 0.801552 0.827979 -0.646947 -0.611467 -0.163495 -0.129154 -0.902084 -0.660765 
0.274513 0.300323 0.724098 0.750865 -0.728876 -0.708481 -0.240615 -0.182506 -0.185776 -0.0751643 
0.587416 0.607936 0.467333 0.488625 -0.666568 -0.646506 0.44615 0.474101 1.28289 1.40385 
0.734981 0.759256 0.0975006 0.121576 -0.35519 -0.338811 0.756606 0.799436 0.613717 0.657865 
0.692275 0.718563 -0.2827 -0.257709 -0.0376175 -0.0131727 0.491946 0.524854 -0.58732 -0.491164 
0.479282 0.500992 -0.581328 -0.56118 0.164105 0.181097 0.265048 0.302119 -0.473363 -0.425904 
0.148133 0.169665 -0.73644 -0.713481 0.28765 0.306606 0.204718 0.224334 -0.172021 -0.104209 
0

real	0m3.662s
user	0m3.652s
sys	0m0.010s
+++++++++++++++ run 4 end +++++++++++++
+++++++++++++++ run 5 begin +++++++++++++
-0.88668 -0.859276 -0.0203653 0.00758202 0.0169095 0.0385058 -1.77853 -1.61981 -2.99705 -2.63963 
-0.785778 -0.757681 0.384879 0.411664 -0.579108 -0.532797 -0.661251 -0.609688 1.94636 2.30844 
-0.504193 -0.482761 0.680672 0.700901 -0.665003 -0.642442 0.187717 0.301058 1.64727 1.87216 
-0.121532 -0.0966427 0.801552 0.827979 -0.646947 -0.611467 -0.163495 -0.129154 -0.902084 -0.660765 
0.274513 0.300323 0.724098 0.750865 -0.728876 -0.708481 -0.240615 -0.182506 -0.185776 -0.0751643 
0.587416 0.607936 0.467333 0.488625 -0.666568 -0.646506 0.44615 0.474101 1.28289 1.40385 
0.734981 0.759256 0.0975006 0.121576 -0.35519 -0.338811 0.756606 0.799436 0.613717 0.657865 
0.692275 0.718563 -0.2827 -0.257709 -0.0376175 -0.0131727 0.491946 0.524854 -0.58732 -0.491164 
0.479282 0.500992 -0.581328 -0.56118 0.164105 0.181097 0.265048 0.302119 -0.473363 -0.425904 
0.148133 0.169665 -0.73644 -0.713481 0.28765 0.306606 0.204718 0.224334 -0.172021 -0.104209 
0

real	0m3.800s
user	0m3.789s
sys	0m0.010s
+++++++++++++++ run 5 end +++++++++++++
