+++++++++++++++ run 1 begin +++++++++++++
[1, 3, 5, 0, 2, 4]
[(0.379534, 0.353649), (0.375259, 0.358035), (0.375056, 0.35828), (0.372213, 0.361127), (0.364227, 0.369097), (0.364311, 0.369034)]
----- iteration 0 -------------
old theta [-0.14752883 -0.6970784   0.7970959  -0.13079157 -2.3920295   0.9528393
 -1.2708454  -0.8969389  -0.5588428  -0.05089822 -0.94710463 -1.4459893
 -1.5178332   0.2845582  -0.6163721   0.53212786 -0.4184079  -1.2929893
 -1.8578717   1.8747214  -1.5779335  -3.3363802   2.5128865  -0.02798443
  0.06561681]
updated theta [-0.15192671 -0.68897347  0.79238677 -0.13276835 -2.39410656  0.95269541
 -1.27740642 -0.89935817 -0.55464815 -0.04464593 -0.94967304 -1.43998397
 -1.52128899  0.28444613 -0.6136057   0.53537238 -0.41534848 -1.29177577
 -1.85815297  1.88026392 -1.58255913 -3.33603488  2.51084047 -0.02824306
  0.06374329]
loss 0.366671
loss list [0.366671]
time 1.2613904476165771
----------------------------
[5, 3, 0, 4, 1, 2]
[(0.287845, 0.316019), (0.310194, 0.293778), (0.295446, 0.308515), (0.297256, 0.306728), (0.299837, 0.304144), (0.303672, 0.300326)]
----- iteration 1 -------------
old theta [-0.15192671 -0.68897347  0.79238677 -0.13276835 -2.39410656  0.95269541
 -1.27740642 -0.89935817 -0.55464815 -0.04464593 -0.94967304 -1.43998397
 -1.52128899  0.28444613 -0.6136057   0.53537238 -0.41534848 -1.29177577
 -1.85815297  1.88026392 -1.58255913 -3.33603488  2.51084047 -0.02824306
  0.06374329]
updated theta [-0.15885516 -0.6894876   0.78839455 -0.13329168 -2.39658674  0.95636666
 -1.27666171 -0.89978237 -0.55452499 -0.03594195 -0.9572509  -1.43612914
 -1.51419576  0.28601877 -0.61724736  0.53626094 -0.40989267 -1.28898258
 -1.85533667  1.88203068 -1.58631637 -3.32896222  2.51550153 -0.03475563
  0.06217547]
loss 0.301997
loss list [0.366671, 0.301997]
time 1.37168288230896
----------------------------
[3, 0, 5, 2, 4, 1]
[(0.219016, 0.24026), (0.220092, 0.239273), (0.233228, 0.226124), (0.230903, 0.228448), (0.228568, 0.230776), (0.23046, 0.228864)]
----- iteration 2 -------------
old theta [-0.15885516 -0.6894876   0.78839455 -0.13329168 -2.39658674  0.95636666
 -1.27666171 -0.89978237 -0.55452499 -0.03594195 -0.9572509  -1.43612914
 -1.51419576  0.28601877 -0.61724736  0.53626094 -0.40989267 -1.28898258
 -1.85533667  1.88203068 -1.58631637 -3.32896222  2.51550153 -0.03475563
  0.06217547]
updated theta [-0.17073123 -0.68908533  0.78618827 -0.14235684 -2.39645927  0.9564625
 -1.27652865 -0.89965703 -0.55507749 -0.04148701 -0.96132608 -1.44000585
 -1.51032417  0.29562705 -0.61785266  0.53736619 -0.40945108 -1.28538384
 -1.85804921  1.88724898 -1.58105526 -3.3314505   2.51981888 -0.02414546
  0.06062355]
loss 0.229674
loss list [0.366671, 0.301997, 0.229674]
time 1.3855621814727783
----------------------------
[4, 1, 2, 3, 5, 0]
[(0.169921, 0.152888), (0.157749, 0.165089), (0.164649, 0.158179), (0.164191, 0.158652), (0.161302, 0.161551), (0.161396, 0.161446)]
----- iteration 3 -------------
old theta [-0.17073123 -0.68908533  0.78618827 -0.14235684 -2.39645927  0.9564625
 -1.27652865 -0.89965703 -0.55507749 -0.04148701 -0.96132608 -1.44000585
 -1.51032417  0.29562705 -0.61785266  0.53736619 -0.40945108 -1.28538384
 -1.85804921  1.88724898 -1.58105526 -3.3314505   2.51981888 -0.02414546
  0.06062355]
updated theta [-0.1807795  -0.68959314  0.7824458  -0.14351125 -2.39846771  0.95218381
 -1.27145798 -0.90013646 -0.55885463 -0.04523129 -0.95966884 -1.43307525
 -1.50813931  0.29675454 -0.6220046   0.54266577 -0.41302414 -1.28470196
 -1.85590834  1.88699446 -1.57949814 -3.32274692  2.51989835 -0.02262069
  0.06194561]
loss 0.16143
loss list [0.366671, 0.301997, 0.229674, 0.16143]
time 1.3865666389465332
----------------------------
[4, 3, 5, 1, 0, 2]
[(0.151243, 0.169545), (0.156919, 0.163749), (0.163243, 0.157435), (0.161688, 0.158791), (0.159357, 0.16133), (0.161009, 0.159685)]
----- iteration 4 -------------
old theta [-0.1807795  -0.68959314  0.7824458  -0.14351125 -2.39846771  0.95218381
 -1.27145798 -0.90013646 -0.55885463 -0.04523129 -0.95966884 -1.43307525
 -1.50813931  0.29675454 -0.6220046   0.54266577 -0.41302414 -1.28470196
 -1.85590834  1.88699446 -1.57949814 -3.32274692  2.51989835 -0.02262069
  0.06194561]
updated theta [-0.18504115 -0.69071585  0.77906171 -0.13356777 -2.39118699  0.95454175
 -1.27288727 -0.90736571 -0.56440364 -0.04422827 -0.96546725 -1.43557124
 -1.50665306  0.30176244 -0.62400697  0.54140055 -0.41584212 -1.28032977
 -1.85111397  1.89040683 -1.57253133 -3.32310737  2.52023874 -0.02650617
  0.06535784]
loss 0.16035
loss list [0.366671, 0.301997, 0.229674, 0.16143, 0.16035]
time 1.3880276679992676
----------------------------
[5, 1, 0, 4, 2, 3]
[(0.130099, 0.117274), (0.119391, 0.120822), (0.124776, 0.119611), (0.119699, 0.120514), (0.122385, 0.121231), (0.13243, 0.127272)]
----- iteration 5 -------------
old theta [-0.18504115 -0.69071585  0.77906171 -0.13356777 -2.39118699  0.95454175
 -1.27288727 -0.90736571 -0.56440364 -0.04422827 -0.96546725 -1.43557124
 -1.50665306  0.30176244 -0.62400697  0.54140055 -0.41584212 -1.28032977
 -1.85111397  1.89040683 -1.57253133 -3.32310737  2.52023874 -0.02650617
  0.06535784]
updated theta [-0.18769751 -0.68956399  0.77819176 -0.13727952 -2.38406172  0.95246374
 -1.270562   -0.9055666  -0.56170304 -0.04514121 -0.96884544 -1.43448354
 -1.50463784  0.30476724 -0.62918962  0.54178613 -0.4175479  -1.27983674
 -1.85129443  1.89331615 -1.57510173 -3.31898084  2.52159707 -0.02439417
  0.065336  ]
loss 0.120104
loss list [0.366671, 0.301997, 0.229674, 0.16143, 0.16035, 0.120104]
time 1.3824341297149658
----------------------------
[2, 0, 3, 4, 1, 5]
[(0.114956, 0.123109), (0.122585, 0.11548), (0.117712, 0.120428), (0.117917, 0.120162), (0.118143, 0.11991), (0.119426, 0.118656)]
----- iteration 6 -------------
old theta [-0.18769751 -0.68956399  0.77819176 -0.13727952 -2.38406172  0.95246374
 -1.270562   -0.9055666  -0.56170304 -0.04514121 -0.96884544 -1.43448354
 -1.50463784  0.30476724 -0.62918962  0.54178613 -0.4175479  -1.27983674
 -1.85129443  1.89331615 -1.57510173 -3.31898084  2.52159707 -0.02439417
  0.065336  ]
updated theta [-0.19179516 -0.68524373  0.77722618 -0.13203    -2.38804437  0.95322619
 -1.26496836 -0.89781752 -0.55735209 -0.03809018 -0.96529508 -1.44370629
 -1.51624685  0.30837771 -0.63638532  0.54040938 -0.4176384  -1.28201102
 -1.85222177  1.89362799 -1.57406259 -3.31731014  2.52228782 -0.01622001
  0.06076942]
loss 0.119041
loss list [0.366671, 0.301997, 0.229674, 0.16143, 0.16035, 0.120104, 0.119041]
time 1.381572961807251
----------------------------
[2, 3, 5, 0, 4, 1]
[(0.0868147, 0.101006), (0.0878908, 0.0999063), (0.0889308, 0.0989565), (0.0985797, 0.0893173), (0.0985028, 0.0894417), (0.0958502, 0.0920382)]
----- iteration 7 -------------
old theta [-0.19179516 -0.68524373  0.77722618 -0.13203    -2.38804437  0.95322619
 -1.26496836 -0.89781752 -0.55735209 -0.03809018 -0.96529508 -1.44370629
 -1.51624685  0.30837771 -0.63638532  0.54040938 -0.4176384  -1.28201102
 -1.85222177  1.89362799 -1.57406259 -3.31731014  2.52228782 -0.01622001
  0.06076942]
updated theta [-0.18999805 -0.68517231  0.78459608 -0.12975853 -2.38330308  0.95988978
 -1.25584454 -0.89966939 -0.55290549 -0.03116815 -0.96701182 -1.44552526
 -1.5211811   0.30558505 -0.63186054  0.54895475 -0.41247829 -1.28401201
 -1.84892015  1.89078896 -1.57467311 -3.31712218  2.52811987 -0.01274424
  0.05670337]
loss 0.0939435
loss list [0.366671, 0.301997, 0.229674, 0.16143, 0.16035, 0.120104, 0.119041, 0.0939435]
time 1.3853986263275146
----------------------------
[4, 0, 2, 1, 5, 3]
[(0.11501, 0.0731112), (0.0819176, 0.106315), (0.087197, 0.101041), (0.0921121, 0.0961476), (0.0922394, 0.0960065), (0.0946227, 0.0936258)]
----- iteration 8 -------------
old theta [-0.18999805 -0.68517231  0.78459608 -0.12975853 -2.38330308  0.95988978
 -1.25584454 -0.89966939 -0.55290549 -0.03116815 -0.96701182 -1.44552526
 -1.5211811   0.30558505 -0.63186054  0.54895475 -0.41247829 -1.28401201
 -1.84892015  1.89078896 -1.57467311 -3.31712218  2.52811987 -0.01274424
  0.05670337]
updated theta [-0.20187882 -0.679421    0.77678753 -0.1282166  -2.37196388  0.96956246
 -1.26301979 -0.89674313 -0.54764885 -0.02946072 -0.96876961 -1.4484453
 -1.51970425  0.31194897 -0.63152661  0.54924607 -0.41869855 -1.28005864
 -1.84685861  1.88987423 -1.5867921  -3.31852418  2.53368941 -0.01749488
  0.05403403]
loss 0.0941287
loss list [0.366671, 0.301997, 0.229674, 0.16143, 0.16035, 0.120104, 0.119041, 0.0939435, 0.0941287]
time 1.3720958232879639
----------------------------
[4, 3, 5, 1, 2, 0]
[(0.0332451, 0.0103519), (0.0326717, 0.0110228), (0.0178094, 0.0258274), (0.0180823, 0.0256214), (0.0199962, 0.0232537), (0.0226432, 0.0211094)]
----- iteration 9 -------------
old theta [-0.20187882 -0.679421    0.77678753 -0.1282166  -2.37196388  0.96956246
 -1.26301979 -0.89674313 -0.54764885 -0.02946072 -0.96876961 -1.4484453
 -1.51970425  0.31194897 -0.63152661  0.54924607 -0.41869855 -1.28005864
 -1.84685861  1.88987423 -1.5867921  -3.31852418  2.53368941 -0.01749488
  0.05403403]
updated theta [-0.19895266 -0.67665467  0.78434718 -0.11920024 -2.37151527  0.97427636
 -1.26680114 -0.89438915 -0.53862149 -0.02712872 -0.96443343 -1.44415114
 -1.5227349   0.31140837 -0.63182585  0.54106567 -0.42723958 -1.27345551
 -1.84474927  1.88901445 -1.5920867  -3.31895084  2.53209046 -0.0178176
  0.05213349]
loss 0.0218744
loss list [0.366671, 0.301997, 0.229674, 0.16143, 0.16035, 0.120104, 0.119041, 0.0939435, 0.0941287, 0.0218744]
time 1.3687818050384521
----------------------------
[0, 1, 2, 3, 4, 5]
[(0.0, 0.0), (0.0, 0.0), (0.0, 0.0), (0.0, 0.0), (0.0, 0.0), (0.0, 0.0)]
----- iteration 10 -------------
old theta [-0.19895266 -0.67665467  0.78434718 -0.11920024 -2.37151527  0.97427636
 -1.26680114 -0.89438915 -0.53862149 -0.02712872 -0.96443343 -1.44415114
 -1.5227349   0.31140837 -0.63182585  0.54106567 -0.42723958 -1.27345551
 -1.84474927  1.88901445 -1.5920867  -3.31895084  2.53209046 -0.0178176
  0.05213349]
updated theta [nan nan nan nan nan nan nan nan nan nan nan nan nan nan nan nan nan nan
 nan nan nan nan nan nan nan]
loss 0.0
loss list [0.366671, 0.301997, 0.229674, 0.16143, 0.16035, 0.120104, 0.119041, 0.0939435, 0.0941287, 0.0218744, 0.0]
loss reaches 0
theta [-0.19895266 -0.67665467  0.78434718 -0.11920024 -2.37151527  0.97427636
 -1.26680114 -0.89438915 -0.53862149 -0.02712872 -0.96443343 -1.44415114
 -1.5227349   0.31140837 -0.63182585  0.54106567 -0.42723958 -1.27345551
 -1.84474927  1.88901445 -1.5920867  -3.31895084  2.53209046 -0.0178176
  0.05213349]
time 1.3910083770751953

real	0m15.222s
user	2m46.682s
sys	0m2.380s
+++++++++++++++ run 1 end +++++++++++++
+++++++++++++++ run 2 begin +++++++++++++
[3, 0, 2, 4, 1, 5]
[(0.377655, 0.355616), (0.37346, 0.359807), (0.369472, 0.363864), (0.368817, 0.364512), (0.368262, 0.365078), (0.365793, 0.367551)]
----- iteration 0 -------------
old theta [-0.14752883 -0.6970784   0.7970959  -0.13079157 -2.3920295   0.9528393
 -1.2708454  -0.8969389  -0.5588428  -0.05089822 -0.94710463 -1.4459893
 -1.5178332   0.2845582  -0.6163721   0.53212786 -0.4184079  -1.2929893
 -1.8578717   1.8747214  -1.5779335  -3.3363802   2.5128865  -0.02798443
  0.06561681]
updated theta [-0.15219927 -0.6781821   0.79881197 -0.12378709 -2.39578335  0.95714942
 -1.27873717 -0.89312233 -0.55928889 -0.04744071 -0.94428332 -1.43697934
 -1.50983877  0.28057378 -0.61988947  0.53666089 -0.42039261 -1.29938398
 -1.86083113  1.87044768 -1.57083307 -3.3373411   2.51367315 -0.0283339
  0.06225353]
loss 0.366671
loss list [0.366671]
time 1.3775410652160645
----------------------------
[3, 4, 2, 0, 1, 5]
[(0.290718, 0.3176), (0.295616, 0.312795), (0.296246, 0.312253), (0.297179, 0.31127), (0.30802, 0.300447), (0.307305, 0.301162)]
----- iteration 1 -------------
old theta [-0.15219927 -0.6781821   0.79881197 -0.12378709 -2.39578335  0.95714942
 -1.27873717 -0.89312233 -0.55928889 -0.04744071 -0.94428332 -1.43697934
 -1.50983877  0.28057378 -0.61988947  0.53666089 -0.42039261 -1.29938398
 -1.86083113  1.87044768 -1.57083307 -3.3373411   2.51367315 -0.0283339
  0.06225353]
updated theta [-0.16329356 -0.67762104  0.79233667 -0.12828976 -2.40015421  0.95404869
 -1.2824088  -0.90293167 -0.56077987 -0.04710731 -0.94324894 -1.43488522
 -1.50516362  0.28556343 -0.62347753  0.54187041 -0.42342349 -1.30507036
 -1.85885873  1.87297994 -1.57117772 -3.34292947  2.51668773 -0.02997811
  0.06852681]
loss 0.304239
loss list [0.366671, 0.304239]
time 1.3817768096923828
----------------------------
[4, 2, 5, 1, 0, 3]
[(0.230836, 0.247721), (0.242846, 0.235703), (0.23603, 0.242501), (0.236707, 0.241858), (0.241805, 0.236749), (0.239982, 0.238561)]
----- iteration 2 -------------
old theta [-0.16329356 -0.67762104  0.79233667 -0.12828976 -2.40015421  0.95404869
 -1.2824088  -0.90293167 -0.56077987 -0.04710731 -0.94324894 -1.43488522
 -1.50516362  0.28556343 -0.62347753  0.54187041 -0.42342349 -1.30507036
 -1.85885873  1.87297994 -1.57117772 -3.34292947  2.51668773 -0.02997811
  0.06852681]
updated theta [-0.16753475 -0.6736013   0.79016052 -0.12436654 -2.4029895   0.95856302
 -1.28959224 -0.90216018 -0.55477252 -0.05172941 -0.94071964 -1.42714489
 -1.50718001  0.28669499 -0.62173489  0.53862548 -0.42302245 -1.29884556
 -1.85732338  1.87227111 -1.56144115 -3.34631133  2.51565045 -0.03345362
  0.07034407]
loss 0.239283
loss list [0.366671, 0.304239, 0.239283]
time 1.3821592330932617
----------------------------
[1, 2, 5, 3, 4, 0]
[(0.187746, 0.210989), (0.192466, 0.206423), (0.205531, 0.193333), (0.20305, 0.195814), (0.200144, 0.198744), (0.199832, 0.199038)]
----- iteration 3 -------------
old theta [-0.16753475 -0.6736013   0.79016052 -0.12436654 -2.4029895   0.95856302
 -1.28959224 -0.90216018 -0.55477252 -0.05172941 -0.94071964 -1.42714489
 -1.50718001  0.28669499 -0.62173489  0.53862548 -0.42302245 -1.29884556
 -1.85732338  1.87227111 -1.56144115 -3.34631133  2.51565045 -0.03345362
  0.07034407]
updated theta [-0.1722152  -0.66707346  0.78624039 -0.12698806 -2.402513    0.96360658
 -1.28918311 -0.90768204 -0.54617606 -0.05649934 -0.94265959 -1.42756987
 -1.50452352  0.27776106 -0.62262233  0.54715747 -0.42353945 -1.29140926
 -1.85499458  1.87069463 -1.55817704 -3.3530605   2.51545977 -0.02977977
  0.07037708]
loss 0.199436
loss list [0.366671, 0.304239, 0.239283, 0.199436]
time 1.259260654449463
----------------------------
[2, 4, 5, 1, 3, 0]
[(0.129863, 0.149332), (0.149098, 0.130129), (0.132917, 0.14634), (0.142244, 0.137001), (0.142168, 0.137045), (0.140938, 0.138315)]
----- iteration 4 -------------
old theta [-0.1722152  -0.66707346  0.78624039 -0.12698806 -2.402513    0.96360658
 -1.28918311 -0.90768204 -0.54617606 -0.05649934 -0.94265959 -1.42756987
 -1.50452352  0.27776106 -0.62262233  0.54715747 -0.42353945 -1.29140926
 -1.85499458  1.87069463 -1.55817704 -3.3530605   2.51545977 -0.02977977
  0.07037708]
updated theta [-0.17818783 -0.65828512  0.78296409 -0.12786584 -2.40002088  0.97180327
 -1.28325714 -0.91151669 -0.54527055 -0.0533527  -0.94470974 -1.4256445
 -1.50720948  0.27307182 -0.61399982  0.55337167 -0.42582834 -1.29252524
 -1.85295049  1.86821688 -1.55488318 -3.35700579  2.51165222 -0.03047218
  0.06145439]
loss 0.139626
loss list [0.366671, 0.304239, 0.239283, 0.199436, 0.139626]
time 1.3897836208343506
----------------------------
[4, 0, 3, 1, 2, 5]
[(0.120884, 0.106546), (0.108406, 0.118964), (0.118488, 0.108925), (0.117094, 0.110209), (0.117037, 0.110283), (0.114328, 0.113003)]
----- iteration 5 -------------
old theta [-0.17818783 -0.65828512  0.78296409 -0.12786584 -2.40002088  0.97180327
 -1.28325714 -0.91151669 -0.54527055 -0.0533527  -0.94470974 -1.4256445
 -1.50720948  0.27307182 -0.61399982  0.55337167 -0.42582834 -1.29252524
 -1.85295049  1.86821688 -1.55488318 -3.35700579  2.51165222 -0.03047218
  0.06145439]
updated theta [-0.18036764 -0.66407255  0.78417054 -0.12545997 -2.39053082  0.96895821
 -1.27884697 -0.91360278 -0.54233576 -0.05666427 -0.94627435 -1.42254545
 -1.50729388  0.27265682 -0.61809897  0.55237555 -0.42588153 -1.2906481
 -1.84694935  1.86699106 -1.56145372 -3.35229248  2.51638688 -0.02834175
  0.05569235]
loss 0.113702
loss list [0.366671, 0.304239, 0.239283, 0.199436, 0.139626, 0.113702]
time 1.395630121231079
----------------------------
[3, 0, 5, 1, 2, 4]
[(0.104589, 0.081542), (0.10279, 0.0846699), (0.0868201, 0.0993674), (0.106896, 0.0879571), (0.0898691, 0.096338), (0.09166, 0.094527)]
----- iteration 6 -------------
old theta [-0.18036764 -0.66407255  0.78417054 -0.12545997 -2.39053082  0.96895821
 -1.27884697 -0.91360278 -0.54233576 -0.05666427 -0.94627435 -1.42254545
 -1.50729388  0.27265682 -0.61809897  0.55237555 -0.42588153 -1.2906481
 -1.84694935  1.86699106 -1.56145372 -3.35229248  2.51638688 -0.02834175
  0.05569235]
updated theta [-0.18977843 -0.66007856  0.78169561 -0.12417991 -2.39270955  0.97035487
 -1.27451719 -0.91895163 -0.53981015 -0.05663445 -0.95373427 -1.4268552
 -1.50420709  0.27007654 -0.6194316   0.54725742 -0.42513649 -1.29939321
 -1.84185935  1.86625581 -1.56052137 -3.35552904  2.51989434 -0.03068229
  0.05488542]
loss 0.0931015
loss list [0.366671, 0.304239, 0.239283, 0.199436, 0.139626, 0.113702, 0.0931015]
time 1.2522788047790527
----------------------------
[3, 0, 4, 5, 1, 2]
[(0.089576, 0.0748985), (0.0862512, 0.0782553), (0.0850371, 0.0794694), (0.0814774, 0.0830421), (0.082912, 0.0815543), (0.0816054, 0.0828711)]
----- iteration 7 -------------
old theta [-0.18977843 -0.66007856  0.78169561 -0.12417991 -2.39270955  0.97035487
 -1.27451719 -0.91895163 -0.53981015 -0.05663445 -0.95373427 -1.4268552
 -1.50420709  0.27007654 -0.6194316   0.54725742 -0.42513649 -1.29939321
 -1.84185935  1.86625581 -1.56052137 -3.35552904  2.51989434 -0.03068229
  0.05488542]
updated theta [-0.18764152 -0.66236185  0.7819111  -0.11804279 -2.37695487  0.97059518
 -1.2748951  -0.92200152 -0.5421765  -0.05689171 -0.95121266 -1.42777291
 -1.49662051  0.26930817 -0.62899874  0.54580829 -0.41937446 -1.29287467
 -1.83887218  1.86054658 -1.5639679  -3.35399907  2.51796503 -0.03286328
  0.0591932 ]
loss 0.0822439
loss list [0.366671, 0.304239, 0.239283, 0.199436, 0.139626, 0.113702, 0.0931015, 0.0822439]
time 1.2611958980560303
----------------------------
[2, 0, 1, 4, 3, 5]
[(0.0620939, 0.085712), (0.0628925, 0.0848954), (0.0636347, 0.0840754), (0.0827807, 0.0650568), (0.0654959, 0.0823295), (0.0791888, 0.0686087)]
----- iteration 8 -------------
old theta [-0.18764152 -0.66236185  0.7819111  -0.11804279 -2.37695487  0.97059518
 -1.2748951  -0.92200152 -0.5421765  -0.05689171 -0.95121266 -1.42777291
 -1.49662051  0.26930817 -0.62899874  0.54580829 -0.41937446 -1.29287467
 -1.83887218  1.86054658 -1.5639679  -3.35399907  2.51796503 -0.03286328
  0.0591932 ]
updated theta [-0.19381186 -0.65767553  0.78200279 -0.11772485 -2.3777002   0.97234222
 -1.27723323 -0.91527233 -0.5378223  -0.05359436 -0.95017823 -1.42726704
 -1.50218189  0.27143167 -0.62962504  0.54365689 -0.41983724 -1.29229571
 -1.83809356  1.86792138 -1.56386751 -3.35593883  2.5155083  -0.03274816
  0.06231273]
loss 0.0739049
loss list [0.366671, 0.304239, 0.239283, 0.199436, 0.139626, 0.113702, 0.0931015, 0.0822439, 0.0739049]
time 1.3707528114318848
----------------------------
[3, 2, 0, 4, 1, 5]
[(0.0181644, 0.0284419), (0.0183656, 0.0348782), (0.0260542, 0.0193926), (0.0223542, 0.0249562), (0.0234623, 0.0303884), (0.0286557, 0.0248167)]
----- iteration 9 -------------
old theta [-0.19381186 -0.65767553  0.78200279 -0.11772485 -2.3777002   0.97234222
 -1.27723323 -0.91527233 -0.5378223  -0.05359436 -0.95017823 -1.42726704
 -1.50218189  0.27143167 -0.62962504  0.54365689 -0.41983724 -1.29229571
 -1.83809356  1.86792138 -1.56386751 -3.35593883  2.5155083  -0.03274816
  0.06231273]
updated theta [-0.19749297 -0.65692639  0.78359727 -0.10709957 -2.38365702  0.9690411
 -1.28021867 -0.9166589  -0.53418055 -0.04993714 -0.95221493 -1.43026283
 -1.50586979  0.27328752 -0.62808921  0.54368086 -0.41904642 -1.29464059
 -1.83432186  1.86544325 -1.56460504 -3.35257634  2.51544887 -0.03519312
  0.05651152]
loss 0.0227164
loss list [0.366671, 0.304239, 0.239283, 0.199436, 0.139626, 0.113702, 0.0931015, 0.0822439, 0.0739049, 0.0227164]
time 1.3698694705963135
----------------------------
[2, 3, 1, 4, 5, 0]
[(0.0069423, 0.0231334), (0.0204413, 0.00967398), (0.0203894, 0.00972534), (0.0184264, 0.0116515), (0.0132919, 0.0168091), (0.0159776, 0.0141281)]
----- iteration 10 -------------
old theta [-0.19749297 -0.65692639  0.78359727 -0.10709957 -2.38365702  0.9690411
 -1.28021867 -0.9166589  -0.53418055 -0.04993714 -0.95221493 -1.43026283
 -1.50586979  0.27328752 -0.62808921  0.54368086 -0.41904642 -1.29464059
 -1.83432186  1.86544325 -1.56460504 -3.35257634  2.51544887 -0.03519312
  0.05651152]
updated theta [-0.20480559 -0.65561609  0.78156243 -0.10713712 -2.38820586  0.96349652
 -1.27566953 -0.91432915 -0.53286921 -0.04777308 -0.95259002 -1.43341488
 -1.50631334  0.27048374 -0.63294364  0.53990525 -0.42224085 -1.28604234
 -1.83229421  1.86821107 -1.56991229 -3.34982057  2.51558049 -0.03032614
  0.0549111 ]
loss 0.0150511
loss list [0.366671, 0.304239, 0.239283, 0.199436, 0.139626, 0.113702, 0.0931015, 0.0822439, 0.0739049, 0.0227164, 0.0150511]
time 1.3823189735412598
----------------------------
[0, 1, 2, 3, 4, 5]
[(0.0, 0.0), (0.0, 0.0), (0.0, 0.0), (0.0, 0.0), (0.0, 0.0), (0.0, 0.0)]
----- iteration 11 -------------
old theta [-0.20480559 -0.65561609  0.78156243 -0.10713712 -2.38820586  0.96349652
 -1.27566953 -0.91432915 -0.53286921 -0.04777308 -0.95259002 -1.43341488
 -1.50631334  0.27048374 -0.63294364  0.53990525 -0.42224085 -1.28604234
 -1.83229421  1.86821107 -1.56991229 -3.34982057  2.51558049 -0.03032614
  0.0549111 ]
updated theta [nan nan nan nan nan nan nan nan nan nan nan nan nan nan nan nan nan nan
 nan nan nan nan nan nan nan]
loss 0.0
loss list [0.366671, 0.304239, 0.239283, 0.199436, 0.139626, 0.113702, 0.0931015, 0.0822439, 0.0739049, 0.0227164, 0.0150511, 0.0]
loss reaches 0
theta [-0.20480559 -0.65561609  0.78156243 -0.10713712 -2.38820586  0.96349652
 -1.27566953 -0.91432915 -0.53286921 -0.04777308 -0.95259002 -1.43341488
 -1.50631334  0.27048374 -0.63294364  0.53990525 -0.42224085 -1.28604234
 -1.83229421  1.86821107 -1.56991229 -3.34982057  2.51558049 -0.03032614
  0.0549111 ]
time 1.2586917877197266

real	0m16.208s
user	3m1.215s
sys	0m2.417s
+++++++++++++++ run 2 end +++++++++++++
+++++++++++++++ run 3 begin +++++++++++++
[2, 0, 5, 3, 1, 4]
[(0.357748, 0.375557), (0.363703, 0.369629), (0.368487, 0.364841), (0.364869, 0.368465), (0.367944, 0.365394), (0.366586, 0.366765)]
----- iteration 0 -------------
old theta [-0.14752883 -0.6970784   0.7970959  -0.13079157 -2.3920295   0.9528393
 -1.2708454  -0.8969389  -0.5588428  -0.05089822 -0.94710463 -1.4459893
 -1.5178332   0.2845582  -0.6163721   0.53212786 -0.4184079  -1.2929893
 -1.8578717   1.8747214  -1.5779335  -3.3363802   2.5128865  -0.02798443
  0.06561681]
updated theta [-0.1538795  -0.69590426  0.79974273 -0.13145268 -2.39023668  0.95262575
 -1.27726137 -0.89125388 -0.55354756 -0.05043535 -0.94953955 -1.45047513
 -1.51161496  0.2829731  -0.62105166  0.52823373 -0.41578856 -1.29399979
 -1.85676923  1.86430086 -1.58350658 -3.34081581  2.51834125 -0.03206563
  0.06248816]
loss 0.366671
loss list [0.366671]
time 1.3838419914245605
----------------------------
[4, 1, 0, 3, 2, 5]
[(0.308282, 0.336244), (0.328387, 0.316087), (0.317323, 0.327255), (0.32018, 0.324362), (0.324026, 0.320545), (0.32147, 0.323115)]
----- iteration 1 -------------
old theta [-0.1538795  -0.69590426  0.79974273 -0.13145268 -2.39023668  0.95262575
 -1.27726137 -0.89125388 -0.55354756 -0.05043535 -0.94953955 -1.45047513
 -1.51161496  0.2829731  -0.62105166  0.52823373 -0.41578856 -1.29399979
 -1.85676923  1.86430086 -1.58350658 -3.34081581  2.51834125 -0.03206563
  0.06248816]
updated theta [-0.1592022  -0.69371088  0.79275688 -0.13655361 -2.38789327  0.96001952
 -1.27935062 -0.89131224 -0.55000308 -0.04587979 -0.95825033 -1.44995095
 -1.51246911  0.29315782 -0.62033577  0.52901512 -0.4095628  -1.29489818
 -1.85921879  1.87168906 -1.5848879  -3.34272479  2.51839961 -0.03511978
  0.06422517]
loss 0.322289
loss list [0.366671, 0.322289]
time 1.2769486904144287
----------------------------
[0, 3, 1, 2, 5, 4]
[(0.258448, 0.243334), (0.257974, 0.2438), (0.25762, 0.244169), (0.252205, 0.249593), (0.251069, 0.250726), (0.250976, 0.25083)]
----- iteration 2 -------------
old theta [-0.1592022  -0.69371088  0.79275688 -0.13655361 -2.38789327  0.96001952
 -1.27935062 -0.89131224 -0.55000308 -0.04587979 -0.95825033 -1.44995095
 -1.51246911  0.29315782 -0.62033577  0.52901512 -0.4095628  -1.29489818
 -1.85921879  1.87168906 -1.5848879  -3.34272479  2.51839961 -0.03511978
  0.06422517]
updated theta [-0.16414641 -0.6904373   0.79018513 -0.13540025 -2.39135598  0.96123343
 -1.28271079 -0.8880748  -0.54720843 -0.04728808 -0.96091175 -1.44797892
 -1.51246874  0.29364227 -0.61983258  0.52359844 -0.40627121 -1.30073585
 -1.85663304  1.87238314 -1.58844837 -3.34378703  2.51846049 -0.04178014
  0.05811467]
loss 0.250903
loss list [0.366671, 0.322289, 0.250903]
time 1.2559244632720947
----------------------------
[3, 2, 0, 1, 4, 5]
[(0.198193, 0.217671), (0.21522, 0.200688), (0.203171, 0.212718), (0.210576, 0.2053), (0.207016, 0.208883), (0.207278, 0.208615)]
----- iteration 3 -------------
old theta [-0.16414641 -0.6904373   0.79018513 -0.13540025 -2.39135598  0.96123343
 -1.28271079 -0.8880748  -0.54720843 -0.04728808 -0.96091175 -1.44797892
 -1.51246874  0.29364227 -0.61983258  0.52359844 -0.40627121 -1.30073585
 -1.85663304  1.87238314 -1.58844837 -3.34378703  2.51846049 -0.04178014
  0.05811467]
updated theta [-0.17121649 -0.68058925  0.79122522 -0.13526273 -2.38521886  0.96267837
 -1.29095739 -0.88983762 -0.54312084 -0.04730066 -0.9564425  -1.443098
 -1.51662579  0.29006652 -0.61388606  0.5241244  -0.40813943 -1.30185668
 -1.85352931  1.87645448 -1.58361716 -3.34779057  2.51449333 -0.03446742
  0.06284317]
loss 0.207947
loss list [0.366671, 0.322289, 0.250903, 0.207947]
time 1.3709425926208496
----------------------------
[5, 0, 1, 4, 2, 3]
[(0.167526, 0.139323), (0.159476, 0.147333), (0.156709, 0.150147), (0.150623, 0.156256), (0.153094, 0.153752), (0.153478, 0.15338)]
----- iteration 4 -------------
old theta [-0.17121649 -0.68058925  0.79122522 -0.13526273 -2.38521886  0.96267837
 -1.29095739 -0.88983762 -0.54312084 -0.04730066 -0.9564425  -1.443098
 -1.51662579  0.29006652 -0.61388606  0.5241244  -0.40813943 -1.30185668
 -1.85352931  1.87645448 -1.58361716 -3.34779057  2.51449333 -0.03446742
  0.06284317]
updated theta [-0.18339942 -0.68433573  0.7850294  -0.13757297 -2.38342297  0.97215309
 -1.29862381 -0.89348646 -0.54789215 -0.04985949 -0.96344251 -1.44535652
 -1.51130788  0.28365552 -0.61246169  0.52779109 -0.41057803 -1.30546215
 -1.85042134  1.87868892 -1.58448674 -3.355057    2.51869089 -0.03148943
  0.06269902]
loss 0.153431
loss list [0.366671, 0.322289, 0.250903, 0.207947, 0.153431]
time 1.385101079940796
----------------------------
[4, 0, 5, 2, 3, 1]
[(0.0865183, 0.100551), (0.0983785, 0.0885898), (0.0967578, 0.0902694), (0.0966527, 0.0903677), (0.0936002, 0.0934262), (0.0936678, 0.0958782)]
----- iteration 5 -------------
old theta [-0.18339942 -0.68433573  0.7850294  -0.13757297 -2.38342297  0.97215309
 -1.29862381 -0.89348646 -0.54789215 -0.04985949 -0.96344251 -1.44535652
 -1.51130788  0.28365552 -0.61246169  0.52779109 -0.41057803 -1.30546215
 -1.85042134  1.87868892 -1.58448674 -3.355057    2.51869089 -0.03148943
  0.06269902]
updated theta [-0.19094834 -0.68835881  0.78607247 -0.13712757 -2.37116424  0.97162588
 -1.29768154 -0.88539825 -0.54891541 -0.0504612  -0.96007021 -1.43939228
 -1.51306381  0.28229087 -0.60844031  0.53709166 -0.42043595 -1.30582055
 -1.85100024  1.8818352  -1.58609382 -3.35159446  2.52162124 -0.03168383
  0.06717754]
loss 0.0935196
loss list [0.366671, 0.322289, 0.250903, 0.207947, 0.153431, 0.0935196]
time 1.3796377182006836
----------------------------
[1, 0, 2, 4, 3, 5]
[(0.0624053, 0.0514605), (0.0648607, 0.0516885), (0.0612531, 0.0534718), (0.0647631, 0.054275), (0.0569772, 0.0598107), (0.0627909, 0.0583072)]
----- iteration 6 -------------
old theta [-0.19094834 -0.68835881  0.78607247 -0.13712757 -2.37116424  0.97162588
 -1.29768154 -0.88539825 -0.54891541 -0.0504612  -0.96007021 -1.43939228
 -1.51306381  0.28229087 -0.60844031  0.53709166 -0.42043595 -1.30582055
 -1.85100024  1.8818352  -1.58609382 -3.35159446  2.52162124 -0.03168383
  0.06717754]
updated theta [-0.20156395 -0.68404008  0.79062165 -0.13477263 -2.37358525  0.9654723
 -1.29625589 -0.88325369 -0.54864876 -0.05172215 -0.95945728 -1.44180843
 -1.50401568  0.28181641 -0.60831098  0.54397394 -0.42301315 -1.30397362
 -1.84923741  1.88564944 -1.58576115 -3.35007856  2.52452112 -0.03093835
  0.06501402]
loss 0.0569621
loss list [0.366671, 0.322289, 0.250903, 0.207947, 0.153431, 0.0935196, 0.0569621]
time 1.2589967250823975
----------------------------
[1, 5, 2, 3, 4, 0]
[(0.0202646, 0.0358163), (0.032958, 0.0231331), (0.0237238, 0.0323329), (0.0319706, 0.0240998), (0.0279388, 0.0281532), (0.0279872, 0.0280934)]
----- iteration 7 -------------
old theta [-0.20156395 -0.68404008  0.79062165 -0.13477263 -2.37358525  0.9654723
 -1.29625589 -0.88325369 -0.54864876 -0.05172215 -0.95945728 -1.44180843
 -1.50401568  0.28181641 -0.60831098  0.54397394 -0.42301315 -1.30397362
 -1.84923741  1.88564944 -1.58576115 -3.35007856  2.52452112 -0.03093835
  0.06501402]
updated theta [-0.202055   -0.6869525   0.79524722 -0.13327824 -2.37108641  0.97018692
 -1.29985116 -0.88091391 -0.54763206 -0.04615802 -0.95736249 -1.43920441
 -1.5014436   0.29197396 -0.61451258  0.54258692 -0.42000964 -1.29917671
 -1.84544192  1.88631691 -1.58373686 -3.34479981  2.53096586 -0.03327844
  0.0620428 ]
loss 0.0280381
loss list [0.366671, 0.322289, 0.250903, 0.207947, 0.153431, 0.0935196, 0.0569621, 0.0280381]
time 1.3696627616882324
----------------------------
[0, 1, 2, 3, 4, 5]
[(0.0, 0.0), (0.0, 0.0), (0.0, 0.0), (0.0, 0.0), (0.0, 0.000863732), (0.0, 0.0)]
----- iteration 8 -------------
old theta [-0.202055   -0.6869525   0.79524722 -0.13327824 -2.37108641  0.97018692
 -1.29985116 -0.88091391 -0.54763206 -0.04615802 -0.95736249 -1.43920441
 -1.5014436   0.29197396 -0.61451258  0.54258692 -0.42000964 -1.29917671
 -1.84544192  1.88631691 -1.58373686 -3.34479981  2.53096586 -0.03327844
  0.0620428 ]
updated theta [-0.202055   -0.6869525   0.79524722 -0.13327824 -2.37108641  0.97018692
 -1.29985116 -0.88091391 -0.54763206 -0.04615802 -0.95736249 -1.43920441
 -1.5014436   0.29197396 -0.61451258  0.54258692 -0.42000964 -1.29917671
 -1.84544192  1.88631691 -1.58373686 -3.34479981  2.53096586 -0.03327844
  0.0620428 ]
loss 0.0
loss list [0.366671, 0.322289, 0.250903, 0.207947, 0.153431, 0.0935196, 0.0569621, 0.0280381, 0.0]
loss reaches 0
theta [-0.202055   -0.6869525   0.79524722 -0.13327824 -2.37108641  0.97018692
 -1.29985116 -0.88091391 -0.54763206 -0.04615802 -0.95736249 -1.43920441
 -1.5014436   0.29197396 -0.61451258  0.54258692 -0.42000964 -1.29917671
 -1.84544192  1.88631691 -1.58373686 -3.34479981  2.53096586 -0.03327844
  0.0620428 ]
time 1.3823769092559814

real	0m12.217s
user	2m17.173s
sys	0m2.039s
+++++++++++++++ run 3 end +++++++++++++
+++++++++++++++ run 4 begin +++++++++++++
[1, 5, 2, 0, 4, 3]
[(0.355118, 0.378131), (0.372111, 0.361237), (0.362192, 0.371136), (0.368546, 0.36478), (0.36827, 0.365047), (0.366126, 0.367224)]
----- iteration 0 -------------
old theta [-0.14752883 -0.6970784   0.7970959  -0.13079157 -2.3920295   0.9528393
 -1.2708454  -0.8969389  -0.5588428  -0.05089822 -0.94710463 -1.4459893
 -1.5178332   0.2845582  -0.6163721   0.53212786 -0.4184079  -1.2929893
 -1.8578717   1.8747214  -1.5779335  -3.3363802   2.5128865  -0.02798443
  0.06561681]
updated theta [-0.15440629 -0.69028714  0.78668104 -0.12821463 -2.39232927  0.95967061
 -1.26784784 -0.88834588 -0.55717378 -0.04677498 -0.94455163 -1.44851587
 -1.51847277  0.28366976 -0.61601169  0.53474754 -0.41909156 -1.29247782
 -1.86077128  1.87142277 -1.57623997 -3.33995999  2.51444194 -0.02630917
  0.06454788]
loss 0.366671
loss list [0.366671]
time 1.2651958465576172
----------------------------
[1, 2, 3, 4, 0, 5]
[(0.324388, 0.291595), (0.297092, 0.318893), (0.316979, 0.29904), (0.314392, 0.301639), (0.311717, 0.304337), (0.305772, 0.310255)]
----- iteration 1 -------------
old theta [-0.15440629 -0.69028714  0.78668104 -0.12821463 -2.39232927  0.95967061
 -1.26784784 -0.88834588 -0.55717378 -0.04677498 -0.94455163 -1.44851587
 -1.51847277  0.28366976 -0.61601169  0.53474754 -0.41909156 -1.29247782
 -1.86077128  1.87142277 -1.57623997 -3.33995999  2.51444194 -0.02630917
  0.06454788]
updated theta [-0.16006994 -0.68738971  0.77703396 -0.13337052 -2.38557574  0.96182427
 -1.26926957 -0.87995818 -0.54709891 -0.04553307 -0.94562733 -1.4493664
 -1.51583114  0.28645508 -0.62022238  0.52405728 -0.42059354 -1.28800693
 -1.85461633  1.86671459 -1.58049765 -3.33614495  2.52052513 -0.02453914
  0.0638229 ]
loss 0.308026
loss list [0.366671, 0.308026]
time 1.2725791931152344
----------------------------
[3, 1, 2, 4, 5, 0]
[(0.210678, 0.238105), (0.235382, 0.213337), (0.233078, 0.215726), (0.231086, 0.217737), (0.228059, 0.220756), (0.223679, 0.225117)]
----- iteration 2 -------------
old theta [-0.16006994 -0.68738971  0.77703396 -0.13337052 -2.38557574  0.96182427
 -1.26926957 -0.87995818 -0.54709891 -0.04553307 -0.94562733 -1.4493664
 -1.51583114  0.28645508 -0.62022238  0.52405728 -0.42059354 -1.28800693
 -1.85461633  1.86671459 -1.58049765 -3.33614495  2.52052513 -0.02453914
  0.0638229 ]
updated theta [-0.16503772 -0.68331004  0.77118858 -0.141256   -2.38351622  0.96384355
 -1.26818146 -0.87675934 -0.54205593 -0.04134748 -0.94341286 -1.45047846
 -1.51717596  0.28872376 -0.6193376   0.52537079 -0.42343896 -1.28804585
 -1.85014367  1.87043085 -1.5794826  -3.3350303   2.5191406  -0.02861528
  0.06357674]
loss 0.224406
loss list [0.366671, 0.308026, 0.224406]
time 1.2638928890228271
----------------------------
[1, 4, 5, 2, 0, 3]
[(0.146678, 0.157067), (0.155275, 0.147502), (0.154248, 0.148537), (0.149967, 0.152812), (0.158996, 0.149995), (0.151855, 0.16566)]
----- iteration 3 -------------
old theta [-0.16503772 -0.68331004  0.77118858 -0.141256   -2.38351622  0.96384355
 -1.26818146 -0.87675934 -0.54205593 -0.04134748 -0.94341286 -1.45047846
 -1.51717596  0.28872376 -0.6193376   0.52537079 -0.42343896 -1.28804585
 -1.85014367  1.87043085 -1.5794826  -3.3350303   2.5191406  -0.02861528
  0.06357674]
updated theta [-0.1685226  -0.68492503  0.77436275 -0.1446077  -2.38717618  0.96351683
 -1.27126592 -0.87770226 -0.54005714 -0.04187997 -0.94405019 -1.45157902
 -1.51856411  0.28877537 -0.62133048  0.52566151 -0.42442815 -1.29394473
 -1.85035683  1.87294099 -1.58119036 -3.33188355  2.51710466 -0.02759923
  0.06467495]
loss 0.151391
loss list [0.366671, 0.308026, 0.224406, 0.151391]
time 1.2673029899597168
----------------------------
[0, 5, 1, 4, 2, 3]
[(0.165436, 0.141543), (0.143363, 0.164665), (0.157423, 0.144929), (0.155267, 0.147118), (0.152428, 0.149996), (0.150061, 0.152218)]
----- iteration 4 -------------
old theta [-0.1685226  -0.68492503  0.77436275 -0.1446077  -2.38717618  0.96351683
 -1.27126592 -0.87770226 -0.54005714 -0.04187997 -0.94405019 -1.45157902
 -1.51856411  0.28877537 -0.62133048  0.52566151 -0.42442815 -1.29394473
 -1.85035683  1.87294099 -1.58119036 -3.33188355  2.51710466 -0.02759923
  0.06467495]
updated theta [-0.16512371 -0.6925036   0.77749321 -0.13320657 -2.38112893  0.96835185
 -1.28093746 -0.87014318 -0.54634605 -0.03501895 -0.94048897 -1.4576318
 -1.52140725  0.28701133 -0.62774747  0.52178033 -0.43339466 -1.28823638
 -1.84937055  1.87434823 -1.57954607 -3.33481111  2.51686221 -0.02600698
  0.0686361 ]
loss 0.151193
loss list [0.366671, 0.308026, 0.224406, 0.151391, 0.151193]
time 1.3885691165924072
----------------------------
[4, 2, 1, 5, 3, 0]
[(0.169119, 0.194839), (0.192542, 0.171518), (0.187289, 0.176795), (0.186, 0.178068), (0.180455, 0.183641), (0.180769, 0.183322)]
----- iteration 5 -------------
old theta [-0.16512371 -0.6925036   0.77749321 -0.13320657 -2.38112893  0.96835185
 -1.28093746 -0.87014318 -0.54634605 -0.03501895 -0.94048897 -1.4576318
 -1.52140725  0.28701133 -0.62774747  0.52178033 -0.43339466 -1.28823638
 -1.84937055  1.87434823 -1.57954607 -3.33481111  2.51686221 -0.02600698
  0.0686361 ]
updated theta [-0.176117   -0.68691943  0.78154768 -0.13680727 -2.38137378  0.97716105
 -1.28169836 -0.87259887 -0.54833604 -0.03900089 -0.94759912 -1.45551797
 -1.5129434   0.2872961  -0.62597231  0.53101626 -0.43287802 -1.28724249
 -1.85210105  1.86754876 -1.58531635 -3.33532255  2.51485808 -0.02959143
  0.06956477]
loss 0.182045
loss list [0.366671, 0.308026, 0.224406, 0.151391, 0.151193, 0.182045]
time 1.3864316940307617
----------------------------
[4, 1, 5, 2, 0, 3]
[(0.111656, 0.0986117), (0.0992216, 0.111015), (0.10992, 0.100317), (0.100975, 0.109268), (0.108738, 0.101498), (0.106162, 0.104085)]
----- iteration 6 -------------
old theta [-0.176117   -0.68691943  0.78154768 -0.13680727 -2.38137378  0.97716105
 -1.28169836 -0.87259887 -0.54833604 -0.03900089 -0.94759912 -1.45551797
 -1.5129434   0.2872961  -0.62597231  0.53101626 -0.43287802 -1.28724249
 -1.85210105  1.86754876 -1.58531635 -3.33532255  2.51485808 -0.02959143
  0.06956477]
updated theta [-0.1815178  -0.68344511  0.78671202 -0.13977663 -2.37463712  0.97634917
 -1.28334072 -0.86933477 -0.54534734 -0.03872744 -0.94732145 -1.4587348
 -1.50929578  0.28361619 -0.62526412  0.52838195 -0.42894994 -1.28829537
 -1.85049898  1.8695928  -1.58503457 -3.33929062  2.51577635 -0.02843406
  0.06542372]
loss 0.105124
loss list [0.366671, 0.308026, 0.224406, 0.151391, 0.151193, 0.182045, 0.105124]
time 1.3860399723052979
----------------------------
[1, 0, 2, 5, 4, 3]
[(0.0647998, 0.0795712), (0.0698046, 0.074514), (0.0703696, 0.0739762), (0.0710805, 0.0732507), (0.0724284, 0.0719109), (0.0722804, 0.0720612)]
----- iteration 7 -------------
old theta [-0.1815178  -0.68344511  0.78671202 -0.13977663 -2.37463712  0.97634917
 -1.28334072 -0.86933477 -0.54534734 -0.03872744 -0.94732145 -1.4587348
 -1.50929578  0.28361619 -0.62526412  0.52838195 -0.42894994 -1.28829537
 -1.85049898  1.8695928  -1.58503457 -3.33929062  2.51577635 -0.02843406
  0.06542372]
updated theta [-0.18376072 -0.67952513  0.79080109 -0.14423961 -2.37628798  0.97766001
 -1.28244616 -0.8649687  -0.54483093 -0.04000195 -0.94219765 -1.44428191
 -1.50869201  0.27954919 -0.62417518  0.52624396 -0.42911941 -1.29223309
 -1.84121578  1.88064479 -1.58348235 -3.33110411  2.5105682  -0.019259
  0.06280136]
loss 0.072169
loss list [0.366671, 0.308026, 0.224406, 0.151391, 0.151193, 0.182045, 0.105124, 0.072169]
time 1.3857002258300781
----------------------------
[0, 3, 4, 2, 1, 5]
[(0.0713634, 0.0535305), (0.0672592, 0.0577007), (0.0598897, 0.0650299), (0.0603251, 0.0645184), (0.0607951, 0.0639533), (0.0610862, 0.0637507)]
----- iteration 8 -------------
old theta [-0.18376072 -0.67952513  0.79080109 -0.14423961 -2.37628798  0.97766001
 -1.28244616 -0.8649687  -0.54483093 -0.04000195 -0.94219765 -1.44428191
 -1.50869201  0.27954919 -0.62417518  0.52624396 -0.42911941 -1.29223309
 -1.84121578  1.88064479 -1.58348235 -3.33110411  2.5105682  -0.019259
  0.06280136]
updated theta [-0.1838114  -0.67989473  0.80183975 -0.13623642 -2.3747688   0.97822699
 -1.27709939 -0.86344098 -0.54730063 -0.03874493 -0.94011932 -1.45063265
 -1.50218097  0.28090708 -0.62797919  0.52735341 -0.42875066 -1.29008455
 -1.85014066  1.87795231 -1.58036481 -3.33285555  2.51549084 -0.02447726
  0.06045612]
loss 0.0624589
loss list [0.366671, 0.308026, 0.224406, 0.151391, 0.151193, 0.182045, 0.105124, 0.072169, 0.0624589]
time 1.2674663066864014
----------------------------
[2, 4, 5, 0, 3, 1]
[(0.0687111, 0.0858977), (0.0837092, 0.0708218), (0.0722581, 0.082352), (0.0725451, 0.0820598), (0.0800804, 0.0745107), (0.0778734, 0.076744)]
----- iteration 9 -------------
old theta [-0.1838114  -0.67989473  0.80183975 -0.13623642 -2.3747688   0.97822699
 -1.27709939 -0.86344098 -0.54730063 -0.03874493 -0.94011932 -1.45063265
 -1.50218097  0.28090708 -0.62797919  0.52735341 -0.42875066 -1.29008455
 -1.85014066  1.87795231 -1.58036481 -3.33285555  2.51549084 -0.02447726
  0.06045612]
updated theta [-0.18901934 -0.68134951  0.79505209 -0.1440198  -2.37282592  0.97864285
 -1.27730006 -0.86341381 -0.54697081 -0.04101041 -0.93883948 -1.45084183
 -1.496048    0.28107364 -0.62766527  0.52724007 -0.42505307 -1.28717616
 -1.84986822  1.87433076 -1.59014566 -3.3411013   2.51568674 -0.0241139
  0.05511769]
loss 0.0773096
loss list [0.366671, 0.308026, 0.224406, 0.151391, 0.151193, 0.182045, 0.105124, 0.072169, 0.0624589, 0.0773096]
time 1.3855314254760742
----------------------------
[1, 5, 4, 2, 3, 0]
[(0.0447432, 0.063801), (0.0495433, 0.05894), (0.0496179, 0.0588912), (0.0517564, 0.0568042), (0.0530968, 0.0555004), (0.0554065, 0.0531043)]
----- iteration 10 -------------
old theta [-0.18901934 -0.68134951  0.79505209 -0.1440198  -2.37282592  0.97864285
 -1.27730006 -0.86341381 -0.54697081 -0.04101041 -0.93883948 -1.45084183
 -1.496048    0.28107364 -0.62766527  0.52724007 -0.42505307 -1.28717616
 -1.84986822  1.87433076 -1.59014566 -3.3411013   2.51568674 -0.0241139
  0.05511769]
updated theta [-0.19203525 -0.67467239  0.7996513  -0.13493508 -2.37597509  0.98103767
 -1.27555803 -0.86404489 -0.54202938 -0.03689593 -0.93760277 -1.44685976
 -1.50011132  0.27918692 -0.628369    0.51888451 -0.41599619 -1.28618116
 -1.84437495  1.87280531 -1.59041945 -3.34028002  2.5218201  -0.01780239
  0.05531644]
loss 0.0542625
loss list [0.366671, 0.308026, 0.224406, 0.151391, 0.151193, 0.182045, 0.105124, 0.072169, 0.0624589, 0.0773096, 0.0542625]
time 1.2661612033843994
----------------------------
[4, 0, 5, 1, 2, 3]
[(0.0320302, 0.0104682), (0.0310659, 0.0130368), (0.0267877, 0.0154758), (0.0156182, 0.0266539), (0.0251425, 0.0171393), (0.0229772, 0.0192948)]
----- iteration 11 -------------
old theta [-0.19203525 -0.67467239  0.7996513  -0.13493508 -2.37597509  0.98103767
 -1.27555803 -0.86404489 -0.54202938 -0.03689593 -0.93760277 -1.44685976
 -1.50011132  0.27918692 -0.628369    0.51888451 -0.41599619 -1.28618116
 -1.84437495  1.87280531 -1.59041945 -3.34028002  2.5218201  -0.01780239
  0.05531644]
updated theta [-0.19984342 -0.66864397  0.79610598 -0.14101641 -2.37605365  0.98648674
 -1.28056565 -0.86805629 -0.54270153 -0.03835559 -0.93753071 -1.44925781
 -1.50497826  0.28937798 -0.62538594  0.50747074 -0.41794141 -1.28879726
 -1.8416168   1.87284318 -1.5994101  -3.33175588  2.51364672 -0.01329313
  0.05888037]
loss 0.0211401
loss list [0.366671, 0.308026, 0.224406, 0.151391, 0.151193, 0.182045, 0.105124, 0.072169, 0.0624589, 0.0773096, 0.0542625, 0.0211401]
time 1.2637794017791748
----------------------------
[3, 4, 0, 5, 1, 2]
[(0.0479921, 0.0155808), (0.0420475, 0.0215576), (0.0380412, 0.0254661), (0.0265797, 0.0369585), (0.0346873, 0.0288359), (0.0338848, 0.0296624)]
----- iteration 12 -------------
old theta [-0.19984342 -0.66864397  0.79610598 -0.14101641 -2.37605365  0.98648674
 -1.28056565 -0.86805629 -0.54270153 -0.03835559 -0.93753071 -1.44925781
 -1.50497826  0.28937798 -0.62538594  0.50747074 -0.41794141 -1.28879726
 -1.8416168   1.87284318 -1.5994101  -3.33175588  2.51364672 -0.01329313
  0.05888037]
updated theta [-0.19986311 -0.67226686  0.80197513 -0.12587027 -2.37682614  0.98679603
 -1.28546909 -0.86588961 -0.54375134 -0.03292243 -0.94243536 -1.44571264
 -1.50061142  0.29404567 -0.6158537   0.50418821 -0.41966694 -1.28988887
 -1.84570337  1.8837599  -1.60507823 -3.32974204  2.51616535 -0.01806243
  0.05887145]
loss 0.0317687
loss list [0.366671, 0.308026, 0.224406, 0.151391, 0.151193, 0.182045, 0.105124, 0.072169, 0.0624589, 0.0773096, 0.0542625, 0.0211401, 0.0317687]
time 1.2579853534698486
----------------------------
[0, 1, 2, 3, 4, 5]
[(0.0, 0.0), (0.0, 0.0), (0.0, 0.0), (0.0, 0.0), (0.0, 0.0), (0.0, 0.0)]
----- iteration 13 -------------
old theta [-0.19986311 -0.67226686  0.80197513 -0.12587027 -2.37682614  0.98679603
 -1.28546909 -0.86588961 -0.54375134 -0.03292243 -0.94243536 -1.44571264
 -1.50061142  0.29404567 -0.6158537   0.50418821 -0.41966694 -1.28988887
 -1.84570337  1.8837599  -1.60507823 -3.32974204  2.51616535 -0.01806243
  0.05887145]
updated theta [nan nan nan nan nan nan nan nan nan nan nan nan nan nan nan nan nan nan
 nan nan nan nan nan nan nan]
loss 0.0
loss list [0.366671, 0.308026, 0.224406, 0.151391, 0.151193, 0.182045, 0.105124, 0.072169, 0.0624589, 0.0773096, 0.0542625, 0.0211401, 0.0317687, 0.0]
loss reaches 0
theta [-0.19986311 -0.67226686  0.80197513 -0.12587027 -2.37682614  0.98679603
 -1.28546909 -0.86588961 -0.54375134 -0.03292243 -0.94243536 -1.44571264
 -1.50061142  0.29404567 -0.6158537   0.50418821 -0.41966694 -1.28988887
 -1.84570337  1.8837599  -1.60507823 -3.32974204  2.51616535 -0.01806243
  0.05887145]
time 1.261131763458252

real	0m18.445s
user	3m29.179s
sys	0m3.052s
+++++++++++++++ run 4 end +++++++++++++
+++++++++++++++ run 5 begin +++++++++++++
[3, 4, 0, 2, 5, 1]
[(0.373799, 0.359531), (0.361976, 0.371361), (0.370763, 0.362578), (0.370045, 0.363265), (0.363398, 0.369955), (0.365106, 0.368196)]
----- iteration 0 -------------
old theta [-0.14752883 -0.6970784   0.7970959  -0.13079157 -2.3920295   0.9528393
 -1.2708454  -0.8969389  -0.5588428  -0.05089822 -0.94710463 -1.4459893
 -1.5178332   0.2845582  -0.6163721   0.53212786 -0.4184079  -1.2929893
 -1.8578717   1.8747214  -1.5779335  -3.3363802   2.5128865  -0.02798443
  0.06561681]
updated theta [-0.14822084 -0.69455227  0.80154346 -0.13717597 -2.39440818  0.95299108
 -1.27473831 -0.89678337 -0.55441812 -0.04495128 -0.9474496  -1.44327262
 -1.51573174  0.28868216 -0.61760014  0.5303449  -0.41655452 -1.294509
 -1.85950032  1.87881524 -1.58393422 -3.33906773  2.5111729  -0.02262785
  0.07115482]
loss 0.366671
loss list [0.366671]
time 1.2687456607818604
----------------------------
[1, 3, 4, 0, 2, 5]
[(0.324067, 0.342118), (0.341251, 0.324957), (0.337498, 0.328715), (0.337009, 0.329208), (0.329888, 0.336306), (0.334417, 0.331794)]
----- iteration 1 -------------
old theta [-0.14822084 -0.69455227  0.80154346 -0.13717597 -2.39440818  0.95299108
 -1.27473831 -0.89678337 -0.55441812 -0.04495128 -0.9474496  -1.44327262
 -1.51573174  0.28868216 -0.61760014  0.5303449  -0.41655452 -1.294509
 -1.85950032  1.87881524 -1.58393422 -3.33906773  2.5111729  -0.02262785
  0.07115482]
updated theta [-0.14913616 -0.69126457  0.79640691 -0.14347049 -2.38871465  0.9582994
 -1.27556018 -0.89940884 -0.54985909 -0.04364682 -0.94633299 -1.4361844
 -1.50769841  0.28558687 -0.61387531  0.53101117 -0.42282079 -1.2966758
 -1.85871278  1.88510166 -1.58089482 -3.33646933  2.50852048 -0.01917981
  0.0721641 ]
loss 0.33311
loss list [0.366671, 0.33311]
time 1.3814928531646729
----------------------------
[1, 4, 0, 2, 3, 5]
[(0.287384, 0.274247), (0.275058, 0.286552), (0.276168, 0.285461), (0.27705, 0.28457), (0.278046, 0.283564), (0.2791, 0.282521)]
----- iteration 2 -------------
old theta [-0.14913616 -0.69126457  0.79640691 -0.14347049 -2.38871465  0.9582994
 -1.27556018 -0.89940884 -0.54985909 -0.04364682 -0.94633299 -1.4361844
 -1.50769841  0.28558687 -0.61387531  0.53101117 -0.42282079 -1.2966758
 -1.85871278  1.88510166 -1.58089482 -3.33646933  2.50852048 -0.01917981
  0.0721641 ]
updated theta [-0.15850244 -0.69925511  0.796317   -0.13949465 -2.38560762  0.96522673
 -1.27574401 -0.8969054  -0.54612161 -0.04271997 -0.9487184  -1.43686125
 -1.50079724  0.28758847 -0.60708961  0.53398752 -0.42311088 -1.29594802
 -1.86498558  1.88028393 -1.5770662  -3.33168821  2.50969754 -0.01805113
  0.07302011]
loss 0.280807
loss list [0.366671, 0.33311, 0.280807]
time 1.3847684860229492
----------------------------
[2, 3, 4, 5, 1, 0]
[(0.239546, 0.254786), (0.239987, 0.254336), (0.24231, 0.252029), (0.242636, 0.25173), (0.243326, 0.250994), (0.249934, 0.244411)]
----- iteration 3 -------------
old theta [-0.15850244 -0.69925511  0.796317   -0.13949465 -2.38560762  0.96522673
 -1.27574401 -0.8969054  -0.54612161 -0.04271997 -0.9487184  -1.43686125
 -1.50079724  0.28758847 -0.60708961  0.53398752 -0.42311088 -1.29594802
 -1.86498558  1.88028393 -1.5770662  -3.33168821  2.50969754 -0.01805113
  0.07302011]
updated theta [-0.16480424 -0.69669952  0.79702595 -0.14069832 -2.38932872  0.96870084
 -1.27944886 -0.89492508 -0.54715021 -0.04371609 -0.95281871 -1.43325334
 -1.50677529  0.29355013 -0.60631041  0.536485   -0.42626652 -1.29797533
 -1.86613741  1.88043357 -1.57733106 -3.33356321  2.50784984 -0.02203953
  0.07174585]
loss 0.247178
loss list [0.366671, 0.33311, 0.280807, 0.247178]
time 1.377570390701294
----------------------------
[4, 5, 3, 0, 2, 1]
[(0.211423, 0.201225), (0.203439, 0.209161), (0.207329, 0.205311), (0.207018, 0.205614), (0.206465, 0.206174), (0.206351, 0.206239)]
----- iteration 4 -------------
old theta [-0.16480424 -0.69669952  0.79702595 -0.14069832 -2.38932872  0.96870084
 -1.27944886 -0.89492508 -0.54715021 -0.04371609 -0.95281871 -1.43325334
 -1.50677529  0.29355013 -0.60631041  0.536485   -0.42626652 -1.29797533
 -1.86613741  1.88043357 -1.57733106 -3.33356321  2.50784984 -0.02203953
  0.07174585]
updated theta [-0.16498751 -0.68810461  0.80005261 -0.14191736 -2.3862425   0.9699378
 -1.28290265 -0.8982946  -0.54664335 -0.03783898 -0.95573221 -1.4415549
 -1.5052318   0.29619024 -0.60298982  0.54000926 -0.4261552  -1.2991445
 -1.86460381  1.87840627 -1.57918685 -3.33471554  2.5065655  -0.02688783
  0.06808716]
loss 0.206325
loss list [0.366671, 0.33311, 0.280807, 0.247178, 0.206325]
time 1.3823442459106445
----------------------------
[3, 4, 2, 0, 5, 1]
[(0.18316, 0.172837), (0.17291, 0.183122), (0.173328, 0.182716), (0.173632, 0.182442), (0.181317, 0.174678), (0.181298, 0.174745)]
----- iteration 5 -------------
old theta [-0.16498751 -0.68810461  0.80005261 -0.14191736 -2.3862425   0.9699378
 -1.28290265 -0.8982946  -0.54664335 -0.03783898 -0.95573221 -1.4415549
 -1.5052318   0.29619024 -0.60298982  0.54000926 -0.4261552  -1.2991445
 -1.86460381  1.87840627 -1.57918685 -3.33471554  2.5065655  -0.02688783
  0.06808716]
updated theta [-0.16972758 -0.68815624  0.79113484 -0.14231696 -2.38702379  0.96678842
 -1.28048088 -0.89686983 -0.54878678 -0.04021478 -0.94938325 -1.43606787
 -1.50534946  0.29756303 -0.59297873  0.5381988  -0.42473314 -1.29902433
 -1.86780192  1.88212095 -1.57844902 -3.33354469  2.51126011 -0.03281226
  0.06945411]
loss 0.178025
loss list [0.366671, 0.33311, 0.280807, 0.247178, 0.206325, 0.178025]
time 1.2672607898712158
----------------------------
[1, 2, 0, 5, 4, 3]
[(0.143028, 0.164038), (0.148172, 0.158955), (0.151386, 0.155754), (0.152877, 0.154259), (0.152993, 0.15413), (0.153261, 0.153852)]
----- iteration 6 -------------
old theta [-0.16972758 -0.68815624  0.79113484 -0.14231696 -2.38702379  0.96678842
 -1.28048088 -0.89686983 -0.54878678 -0.04021478 -0.94938325 -1.43606787
 -1.50534946  0.29756303 -0.59297873  0.5381988  -0.42473314 -1.29902433
 -1.86780192  1.88212095 -1.57844902 -3.33354469  2.51126011 -0.03281226
  0.06945411]
updated theta [-0.17484899 -0.68387587  0.7964621  -0.14580562 -2.38938264  0.96017062
 -1.28061107 -0.89691017 -0.53963703 -0.04269923 -0.95088385 -1.4269042
 -1.49800457  0.29365372 -0.58748213  0.54106035 -0.42748496 -1.29762248
 -1.86455199  1.8803125  -1.57802471 -3.3355778   2.5126095  -0.03532351
  0.07492464]
loss 0.153565
loss list [0.366671, 0.33311, 0.280807, 0.247178, 0.206325, 0.178025, 0.153565]
time 1.364530086517334
----------------------------
[0, 5, 3, 2, 1, 4]
[(0.113826, 0.130607), (0.12819, 0.116185), (0.116243, 0.128041), (0.117309, 0.126981), (0.124998, 0.119339), (0.121875, 0.122397)]
----- iteration 7 -------------
old theta [-0.17484899 -0.68387587  0.7964621  -0.14580562 -2.38938264  0.96017062
 -1.28061107 -0.89691017 -0.53963703 -0.04269923 -0.95088385 -1.4269042
 -1.49800457  0.29365372 -0.58748213  0.54106035 -0.42748496 -1.29762248
 -1.86455199  1.8803125  -1.57802471 -3.3355778   2.5126095  -0.03532351
  0.07492464]
updated theta [-0.17134434 -0.68585362  0.79865929 -0.13728002 -2.38960578  0.95674972
 -1.28220976 -0.89528495 -0.53616018 -0.04125827 -0.94510537 -1.43050347
 -1.50213084  0.30196155 -0.58877168  0.53756284 -0.43336109 -1.29927326
 -1.86959187  1.88414432 -1.57745069 -3.33460465  2.51772584 -0.03752091
  0.0750819 ]
loss 0.122177
loss list [0.366671, 0.33311, 0.280807, 0.247178, 0.206325, 0.178025, 0.153565, 0.122177]
time 1.3779213428497314
----------------------------
[3, 5, 4, 1, 0, 2]
[(0.126934, 0.149918), (0.1485, 0.12834), (0.129131, 0.147806), (0.135805, 0.141126), (0.137261, 0.139685), (0.139518, 0.137419)]
----- iteration 8 -------------
old theta [-0.17134434 -0.68585362  0.79865929 -0.13728002 -2.38960578  0.95674972
 -1.28220976 -0.89528495 -0.53616018 -0.04125827 -0.94510537 -1.43050347
 -1.50213084  0.30196155 -0.58877168  0.53756284 -0.43336109 -1.29927326
 -1.86959187  1.88414432 -1.57745069 -3.33460465  2.51772584 -0.03752091
  0.0750819 ]
updated theta [-0.17788261 -0.67766739  0.7994615  -0.14157132 -2.39458935  0.96032654
 -1.29113205 -0.90120356 -0.53989348 -0.03782159 -0.94811495 -1.43205252
 -1.50105809  0.29718627 -0.59183215  0.54022705 -0.43604685 -1.29652993
 -1.87267178  1.87958795 -1.5763109  -3.33510789  2.51521958 -0.04806452
  0.07065805]
loss 0.138473
loss list [0.366671, 0.33311, 0.280807, 0.247178, 0.206325, 0.178025, 0.153565, 0.122177, 0.138473]
time 1.3888206481933594
----------------------------
[4, 5, 1, 2, 0, 3]
[(0.10049, 0.120256), (0.117405, 0.103356), (0.115035, 0.105668), (0.10961, 0.111047), (0.10992, 0.110745), (0.11066, 0.110029)]
----- iteration 9 -------------
old theta [-0.17788261 -0.67766739  0.7994615  -0.14157132 -2.39458935  0.96032654
 -1.29113205 -0.90120356 -0.53989348 -0.03782159 -0.94811495 -1.43205252
 -1.50105809  0.29718627 -0.59183215  0.54022705 -0.43604685 -1.29652993
 -1.87267178  1.87958795 -1.5763109  -3.33510789  2.51521958 -0.04806452
  0.07065805]
updated theta [-0.17442121 -0.68239814  0.80300823 -0.1318058  -2.3961163   0.9615565
 -1.29850685 -0.89062798 -0.53653714 -0.03929911 -0.94142684 -1.42725698
 -1.50424635  0.29759393 -0.60039083  0.54054079 -0.44851732 -1.30109389
 -1.88211839  1.87462689 -1.57600724 -3.3348659   2.5065944  -0.05615036
  0.06943794]
loss 0.110345
loss list [0.366671, 0.33311, 0.280807, 0.247178, 0.206325, 0.178025, 0.153565, 0.122177, 0.138473, 0.110345]
time 1.3800325393676758
----------------------------
[0, 5, 2, 3, 1, 4]
[(0.11105, 0.129424), (0.111773, 0.128698), (0.126483, 0.114013), (0.126289, 0.114204), (0.121222, 0.119275), (0.120894, 0.1196)]
----- iteration 10 -------------
old theta [-0.17442121 -0.68239814  0.80300823 -0.1318058  -2.3961163   0.9615565
 -1.29850685 -0.89062798 -0.53653714 -0.03929911 -0.94142684 -1.42725698
 -1.50424635  0.29759393 -0.60039083  0.54054079 -0.44851732 -1.30109389
 -1.88211839  1.87462689 -1.57600724 -3.3348659   2.5065944  -0.05615036
  0.06943794]
updated theta [-0.1823442  -0.68649838  0.80083255 -0.13638074 -2.40060711  0.96051261
 -1.29472531 -0.88212189 -0.53073102 -0.04073577 -0.93565114 -1.41425449
 -1.50627951  0.30474123 -0.59958402  0.54651515 -0.45589006 -1.29472781
 -1.88900205  1.87469433 -1.57163595 -3.33854422  2.50339173 -0.05962428
  0.07036677]
loss 0.120249
loss list [0.366671, 0.33311, 0.280807, 0.247178, 0.206325, 0.178025, 0.153565, 0.122177, 0.138473, 0.110345, 0.120249]
time 1.3854577541351318
----------------------------
[3, 5, 1, 2, 4, 0]
[(0.0600085, 0.0876754), (0.0758123, 0.0636732), (0.0651905, 0.0742932), (0.0729727, 0.0665304), (0.0675345, 0.0719512), (0.0697357, 0.0697331)]
----- iteration 11 -------------
old theta [-0.1823442  -0.68649838  0.80083255 -0.13638074 -2.40060711  0.96051261
 -1.29472531 -0.88212189 -0.53073102 -0.04073577 -0.93565114 -1.41425449
 -1.50627951  0.30474123 -0.59958402  0.54651515 -0.45589006 -1.29472781
 -1.88900205  1.87469433 -1.57163595 -3.33854422  2.50339173 -0.05962428
  0.07036677]
updated theta [-0.18696797 -0.6836181   0.79716619 -0.14334514 -2.39417761  0.95678649
 -1.2992349  -0.8761791  -0.52165789 -0.02990145 -0.93847739 -1.41143363
 -1.50565068  0.30242387 -0.60044967  0.54599864 -0.45776472 -1.28474327
 -1.88689097  1.87009266 -1.57534438 -3.34162609  2.49992383 -0.06496712
  0.06887704]
loss 0.0697469
loss list [0.366671, 0.33311, 0.280807, 0.247178, 0.206325, 0.178025, 0.153565, 0.122177, 0.138473, 0.110345, 0.120249, 0.0697469]
time 1.3899590969085693
----------------------------
[1, 3, 0, 2, 5, 4]
[(0.0726476, 0.0447361), (0.070968, 0.046574), (0.0519075, 0.065512), (0.0538371, 0.063473), (0.0617929, 0.0556601), (0.0561267, 0.0612982)]
----- iteration 12 -------------
old theta [-0.18696797 -0.6836181   0.79716619 -0.14334514 -2.39417761  0.95678649
 -1.2992349  -0.8761791  -0.52165789 -0.02990145 -0.93847739 -1.41143363
 -1.50565068  0.30242387 -0.60044967  0.54599864 -0.45776472 -1.28474327
 -1.88689097  1.87009266 -1.57534438 -3.34162609  2.49992383 -0.06496712
  0.06887704]
updated theta [-0.18964231 -0.68937043  0.81453399 -0.13619616 -2.3963815   0.96070363
 -1.30433142 -0.86693018 -0.52452317 -0.0295559  -0.93429705 -1.41195874
 -1.50636172  0.29723655 -0.59679235  0.54505824 -0.45700739 -1.2827079
 -1.88587922  1.87276239 -1.57090554 -3.34000952  2.49553702 -0.06360261
  0.06263848]
loss 0.0587189
loss list [0.366671, 0.33311, 0.280807, 0.247178, 0.206325, 0.178025, 0.153565, 0.122177, 0.138473, 0.110345, 0.120249, 0.0697469, 0.0587189]
time 1.3908143043518066
----------------------------
[2, 4, 3, 1, 5, 0]
[(0.00483762, 0.0333538), (0.0295492, 0.00866203), (0.0126296, 0.0256139), (0.0226507, 0.0155973), (0.0219583, 0.0162746), (0.0177993, 0.020461)]
----- iteration 13 -------------
old theta [-0.18964231 -0.68937043  0.81453399 -0.13619616 -2.3963815   0.96070363
 -1.30433142 -0.86693018 -0.52452317 -0.0295559  -0.93429705 -1.41195874
 -1.50636172  0.29723655 -0.59679235  0.54505824 -0.45700739 -1.2827079
 -1.88587922  1.87276239 -1.57090554 -3.34000952  2.49553702 -0.06360261
  0.06263848]
updated theta [-0.19923655 -0.68973542  0.8063494  -0.13569258 -2.39692117  0.96417938
 -1.30396659 -0.86985445 -0.5276045  -0.02573968 -0.93823479 -1.41475756
 -1.50246931  0.28792532 -0.59473638  0.54680881 -0.46361741 -1.27615661
 -1.87593667  1.88038367 -1.57097789 -3.33999798  2.49518665 -0.07301865
  0.05404719]
loss 0.0191275
loss list [0.366671, 0.33311, 0.280807, 0.247178, 0.206325, 0.178025, 0.153565, 0.122177, 0.138473, 0.110345, 0.120249, 0.0697469, 0.0587189, 0.0191275]
time 1.3728375434875488
----------------------------
[0, 1, 2, 3, 4, 5]
[(0.0, 0.0), (0.0, 0.0), (0.0, 0.0), (0.0, 0.0), (0.0, 0.0), (0.0, 0.0)]
----- iteration 14 -------------
old theta [-0.19923655 -0.68973542  0.8063494  -0.13569258 -2.39692117  0.96417938
 -1.30396659 -0.86985445 -0.5276045  -0.02573968 -0.93823479 -1.41475756
 -1.50246931  0.28792532 -0.59473638  0.54680881 -0.46361741 -1.27615661
 -1.87593667  1.88038367 -1.57097789 -3.33999798  2.49518665 -0.07301865
  0.05404719]
updated theta [nan nan nan nan nan nan nan nan nan nan nan nan nan nan nan nan nan nan
 nan nan nan nan nan nan nan]
loss 0.0
loss list [0.366671, 0.33311, 0.280807, 0.247178, 0.206325, 0.178025, 0.153565, 0.122177, 0.138473, 0.110345, 0.120249, 0.0697469, 0.0587189, 0.0191275, 0.0]
loss reaches 0
theta [-0.19923655 -0.68973542  0.8063494  -0.13569258 -2.39692117  0.96417938
 -1.30396659 -0.86985445 -0.5276045  -0.02573968 -0.93823479 -1.41475756
 -1.50246931  0.28792532 -0.59473638  0.54680881 -0.46361741 -1.27615661
 -1.87593667  1.88038367 -1.57097789 -3.33999798  2.49518665 -0.07301865
  0.05404719]
time 1.2661397457122803

real	0m20.519s
user	3m47.431s
sys	0m2.873s
+++++++++++++++ run 5 end +++++++++++++
