+++++++++++++++ run 1 begin +++++++++++++
0.646051 0.788539 -0.855337 -0.489226 -8.35862 -6.36419 
0.451123 0.522536 -1.31519 -1.02675 -2.72818 -2.25871 
0.238036 0.268941 -1.16379 -0.94406 0.218032 0.952439 
0.0576528 0.101331 -0.733421 -0.617374 1.59212 2.19314 
-0.0348715 0.00446822 -0.300397 -0.242364 1.79286 2.24731 
-0.0541366 -0.0242716 -0.00819554 0.0707526 1.36851 1.65808 
-0.0273941 -0.00640289 0.15688 0.226545 0.744367 0.859971 
0.0199492 0.0300511 0.200774 0.253781 0.114641 0.241008 
0.0625722 0.0694291 0.16475 0.201179 -0.287304 -0.155826 
0

real	0m0.260s
user	0m0.260s
sys	0m0.000s
+++++++++++++++ run 1 end +++++++++++++
+++++++++++++++ run 2 begin +++++++++++++
0.646051 0.788539 -0.855337 -0.489226 -8.35862 -6.36419 
0.451123 0.522536 -1.31519 -1.02675 -2.72818 -2.25871 
0.238036 0.268941 -1.16379 -0.94406 0.218032 0.952439 
0.0576528 0.101331 -0.733421 -0.617374 1.59212 2.19314 
-0.0348715 0.00446822 -0.300397 -0.242364 1.79286 2.24731 
-0.0541366 -0.0242716 -0.00819554 0.0707526 1.36851 1.65808 
-0.0273941 -0.00640289 0.15688 0.226545 0.744367 0.859971 
0.0199492 0.0300511 0.200774 0.253781 0.114641 0.241008 
0.0625722 0.0694291 0.16475 0.201179 -0.287304 -0.155826 
0

real	0m0.243s
user	0m0.243s
sys	0m0.000s
+++++++++++++++ run 2 end +++++++++++++
+++++++++++++++ run 3 begin +++++++++++++
0.646051 0.788539 -0.855337 -0.489226 -8.35862 -6.36419 
0.451123 0.522536 -1.31519 -1.02675 -2.72818 -2.25871 
0.238036 0.268941 -1.16379 -0.94406 0.218032 0.952439 
0.0576528 0.101331 -0.733421 -0.617374 1.59212 2.19314 
-0.0348715 0.00446822 -0.300397 -0.242364 1.79286 2.24731 
-0.0541366 -0.0242716 -0.00819554 0.0707526 1.36851 1.65808 
-0.0273941 -0.00640289 0.15688 0.226545 0.744367 0.859971 
0.0199492 0.0300511 0.200774 0.253781 0.114641 0.241008 
0.0625722 0.0694291 0.16475 0.201179 -0.287304 -0.155826 
0

real	0m0.239s
user	0m0.239s
sys	0m0.000s
+++++++++++++++ run 3 end +++++++++++++
+++++++++++++++ run 4 begin +++++++++++++
0.646051 0.788539 -0.855337 -0.489226 -8.35862 -6.36419 
0.451123 0.522536 -1.31519 -1.02675 -2.72818 -2.25871 
0.238036 0.268941 -1.16379 -0.94406 0.218032 0.952439 
0.0576528 0.101331 -0.733421 -0.617374 1.59212 2.19314 
-0.0348715 0.00446822 -0.300397 -0.242364 1.79286 2.24731 
-0.0541366 -0.0242716 -0.00819554 0.0707526 1.36851 1.65808 
-0.0273941 -0.00640289 0.15688 0.226545 0.744367 0.859971 
0.0199492 0.0300511 0.200774 0.253781 0.114641 0.241008 
0.0625722 0.0694291 0.16475 0.201179 -0.287304 -0.155826 
0

real	0m0.245s
user	0m0.245s
sys	0m0.000s
+++++++++++++++ run 4 end +++++++++++++
+++++++++++++++ run 5 begin +++++++++++++
0.646051 0.788539 -0.855337 -0.489226 -8.35862 -6.36419 
0.451123 0.522536 -1.31519 -1.02675 -2.72818 -2.25871 
0.238036 0.268941 -1.16379 -0.94406 0.218032 0.952439 
0.0576528 0.101331 -0.733421 -0.617374 1.59212 2.19314 
-0.0348715 0.00446822 -0.300397 -0.242364 1.79286 2.24731 
-0.0541366 -0.0242716 -0.00819554 0.0707526 1.36851 1.65808 
-0.0273941 -0.00640289 0.15688 0.226545 0.744367 0.859971 
0.0199492 0.0300511 0.200774 0.253781 0.114641 0.241008 
0.0625722 0.0694291 0.16475 0.201179 -0.287304 -0.155826 
0

real	0m0.243s
user	0m0.233s
sys	0m0.010s
+++++++++++++++ run 5 end +++++++++++++
